 Sample   Time     Commanded Pos   Encoder 1 Pos   Encoder 2 Pos   Encoder 3 Pos 

[    0    0.000       10666.656           0.000           0.000           0.000;
     1    0.009       10666.656          29.969          14.594           7.563;
     2    0.018       10666.656         108.875          90.813          81.094;
     3    0.027       10666.656         239.938         222.281         213.375;
     4    0.035       10666.656         420.281         396.906         384.969;
     5    0.044       10666.656         652.750         632.906         623.781;
     6    0.053       10666.656         934.750         906.781         893.719;
     7    0.062       10666.656        1264.031        1241.406        1232.031;
     8    0.071       10666.656        1636.000        1607.875        1595.188;
     9    0.080       10666.656        2049.969        2027.156        2014.031;
    10    0.089       10666.656        2508.688        2484.500        2471.125;
    11    0.097       10666.656        3005.625        2977.406        2960.063;
    12    0.106       10666.656        3539.531        3513.063        3494.719;
    13    0.115       10666.656        4107.563        4076.188        4055.938;
    14    0.124       10666.656        4705.250        4670.906        4652.688;
    15    0.133       10666.656        5333.000        5293.813        5275.406;
    16    0.142       10666.656        5983.438        5946.281        5922.781;
    17    0.151       10666.656        6656.375        6619.406        6594.500;
    18    0.159       10666.656        7347.875        7308.000        7282.969;
    19    0.168       10666.656        8053.750        8015.125        7992.875;
    20    0.177       10666.656        8770.469        8733.656        8712.281;
    21    0.186       10666.656        9496.313        9460.000        9434.625;
    22    0.195       10666.656       10224.531       10188.125       10161.156;
    23    0.204       10666.656       10953.219       10920.656       10894.156;
    24    0.213       10666.656       11679.250       11649.750       11625.688;
    25    0.221       10666.656       12399.313       12365.781       12339.844;
    26    0.230       10666.656       13107.406       13083.156       13062.156;
    27    0.239       10666.656       13804.906       13778.250       13755.938;
    28    0.248       10666.656       14485.844       14463.719       14445.375;
    29    0.257       10666.656       15142.500       15124.469       15103.094;
    30    0.266       10666.656       15779.500       15766.969       15747.688;
    31    0.274       10666.656       16389.563       16374.125       16352.719;
    32    0.283       10666.656       16968.594       16957.469       16935.750;
    33    0.292       10666.656       17514.063       17507.844       17484.031;
    34    0.301       10666.656       18026.188       18018.875       17994.625;
    35    0.310       10666.656       18500.000       18492.875       18472.344;
    36    0.319       10666.656       18933.406       18920.000       18896.750;
    37    0.328       10666.656       19323.813       19316.656       19295.188;
    38    0.336       10666.656       19668.719       19660.469       19636.656;
    39    0.345       10666.656       19967.594       19960.625       19937.594;
    40    0.354       10666.656       20218.500       20213.281       20192.906;
    41    0.363       10666.656       20421.875       20414.125       20393.375;
    42    0.372       10666.656       20574.094       20571.781       20554.469;
    43    0.381       10666.656       20674.688       20665.781       20645.406;
    44    0.390       10666.656       20728.469       20727.688       20712.938;
    45    0.398       10666.656       20741.000       20738.469       20723.469;
    46    0.407       10666.656       20709.813       20713.281       20700.500;
    47    0.416       10666.656       20634.844       20644.375       20634.188;
    48    0.425       10666.656       20512.063       20525.625       20517.719;
    49    0.434       10666.656       20338.969       20359.375       20354.313;
    50    0.443       10666.656       20118.594       20135.656       20128.969;
    51    0.452       10666.656       19853.625       19878.469       19876.063;
    52    0.460       10666.656       19544.844       19565.219       19559.219;
    53    0.469       10666.656       19192.906       19217.844       19216.188;
    54    0.478       10666.656       18799.125       18822.406       18820.375;
    55    0.487       10666.656       18367.406       18391.563       18389.000;
    56    0.496       10666.656       17898.406       17930.219       17932.625;
    57    0.505       10666.656       17394.969       17423.531       17424.375;
    58    0.514       10666.656       16862.500       16897.063       16902.219;
    59    0.522       10666.656       16298.500       16329.656       16332.875;
    60    0.531       10666.656       15709.531       15741.344       15748.813;
    61    0.540       10666.656       15094.750       15127.500       15134.156;
    62    0.549       10666.656       14465.625       14492.438       14499.625;
    63    0.558       10666.656       13816.625       13842.063       13848.875;
    64    0.567       10666.656       13150.813       13178.406       13184.906;
    65    0.576       10666.656       12479.469       12499.563       12505.625;
    66    0.584       10666.656       11798.188       11819.969       11823.813;
    67    0.593       10666.656       11115.469       11132.031       11132.031;
    68    0.602       10666.656       10431.094       10454.656       10458.469;
    69    0.611       10666.656        9749.656        9764.656        9764.344;
    70    0.620       10666.656        9079.000        9093.781        9098.750;
    71    0.629       10666.656        8412.906        8424.656        8427.188;
    72    0.638       10666.656        7760.281        7771.063        7771.938;
    73    0.646       10666.656        7124.813        7140.563        7141.500;
    74    0.655       10666.656        6507.406        6516.625        6515.781;
    75    0.664       10666.656        5914.375        5927.531        5933.063;
    76    0.673       10666.656        5346.031        5353.156        5356.250;
    77    0.682       10666.656        4806.563        4818.000        4822.469;
    78    0.691       10666.656        4298.250        4305.938        4311.969;
    79    0.699       10666.656        3823.750        3836.031        3843.875;
    80    0.708       10666.656        3386.000        3396.406        3401.219;
    81    0.717       10666.656        2986.688        3000.938        3004.438;
    82    0.726       10666.656        2626.844        2637.813        2641.313;
    83    0.735       10666.656        2309.906        2319.656        2327.938;
    84    0.744       10666.656        2036.813        2046.125        2055.563;
    85    0.753       10666.656        1809.531        1820.000        1828.875;
    86    0.761       10666.656        1628.938        1636.844        1642.750;
    87    0.770       10666.656        1495.500        1507.438        1516.063;
    88    0.779       10666.656        1406.531        1410.906        1415.719;
    89    0.788       10666.656        1365.000        1369.688        1374.844;
    90    0.797       10666.656        1370.875        1371.906        1374.063;
    91    0.806       10666.656        1427.250        1424.156        1423.688;
    92    0.815       10666.656        1528.938        1520.625        1516.813;
    93    0.823       10666.656        1673.469        1664.313        1660.063;
    94    0.832       10666.656        1862.594        1847.906        1840.656;
    95    0.841       10666.656        2097.313        2085.250        2079.281;
    96    0.850       10666.656        2373.313        2354.938        2344.719;
    97    0.859       10666.656        2690.563        2674.969        2665.531;
    98    0.868       10666.656        3045.156        3023.844        3009.375;
    99    0.877       10666.656        3436.594        3418.875        3406.469;
   100    0.885       10666.656        3864.656        3842.250        3826.938;
   101    0.894       10666.656        4325.094        4300.469        4283.438;
   102    0.903       10666.656        4814.219        4789.219        4770.719;
   103    0.912       10666.656        5333.031        5299.188        5280.813;
   104    0.921       10666.656        5876.188        5842.656        5822.469;
   105    0.930       10666.656        6441.281        6407.313        6379.719;
   106    0.939       10666.656        7026.625        6995.969        6970.531;
   107    0.947       10666.656        7627.969        7590.250        7560.969;
   108    0.956       10666.656        8244.219        8212.344        8190.500;
   109    0.965       10666.656        8868.656        8831.938        8803.531;
   110    0.974       10666.656        9501.813        9471.500        9444.188;
   111    0.983       10666.656       10138.406       10101.656       10070.531;
   112    0.992       10666.656       10774.656       10745.625       10719.500;
   113    1.001       10666.656       11409.219       11380.938       11355.781;
   114    1.009       10666.656       12041.063       12008.906       11980.875;
   115    1.018       10666.656       12662.906       12635.469       12613.344;
   116    1.027       10666.656       13273.250       13241.094       13216.531;
   117    1.036       10666.656       13869.344       13848.469       13830.813;
   118    1.045       10666.656       14451.375       14421.688       14401.094;
   119    1.054       10666.656       15010.188       14993.250       14975.188;
   120    1.063       10666.656       15547.844       15527.688       15505.469;
   121    1.071       10666.656       16059.969       16044.875       16028.063;
   122    1.080       10666.656       16543.656       16526.406       16506.219;
   123    1.089       10666.656       16996.219       16984.469       16961.625;
   124    1.098       10666.656       17415.563       17408.625       17385.969;
   125    1.107       10666.656       17802.125       17791.563       17769.500;
   126    1.116       10666.656       18151.344       18143.656       18125.219;
   127    1.124       10666.656       18461.281       18451.469       18430.594;
   128    1.133       10666.656       18731.594       18723.844       18701.781;
   129    1.142       10666.656       18962.063       18951.313       18928.844;
   130    1.151       10666.656       19149.563       19141.969       19121.719;
   131    1.160       10666.656       19291.719       19285.563       19267.313;
   132    1.169       10666.656       19390.281       19381.313       19360.375;
   133    1.178       10666.656       19447.531       19443.844       19425.469;
   134    1.186       10666.656       19462.000       19460.469       19442.469;
   135    1.195       10666.656       19429.281       19431.750       19417.688;
   136    1.204       10666.656       19353.188       19361.031       19350.063;
   137    1.213       10666.656       19236.688       19246.969       19238.063;
   138    1.222       10666.656       19076.875       19092.281       19086.156;
   139    1.231       10666.656       18875.625       18888.281       18882.406;
   140    1.240       10666.656       18635.219       18652.969       18649.031;
   141    1.248       10666.656       18357.531       18375.313       18370.625;
   142    1.257       10666.656       18042.156       18065.750       18064.906;
   143    1.266       10666.656       17692.094       17715.375       17715.125;
   144    1.275       10666.656       17309.344       17332.594       17333.625;
   145    1.284       10666.656       16896.469       16918.500       16920.781;
   146    1.293       10666.656       16451.750       16473.469       16475.500;
   147    1.302       10666.656       15979.563       16002.938       16006.000;
   148    1.310       10666.656       15483.719       15508.438       15514.781;
   149    1.319       10666.656       14966.281       14991.969       15003.969;
   150    1.328       10666.656       14430.969       14447.594       14454.344;
   151    1.337       10666.656       13876.250       13899.094       13906.438;
   152    1.346       10666.656       13306.031       13325.625       13331.000;
   153    1.355       10666.656       12727.063       12745.156       12752.125;
   154    1.364       10666.656       12139.313       12152.656       12157.000;
   155    1.372       10666.656       11548.094       11562.438       11565.500;
   156    1.381       10666.656       10953.625       10965.219       10964.969;
   157    1.390       10666.656       10358.219       10375.375       10379.156;
   158    1.399       10666.656        9766.031        9773.188        9772.844;
   159    1.408       10666.656        9181.219        9194.625        9198.844;
   160    1.417       10666.656        8604.031        8612.844        8615.031;
   161    1.426       10666.656        8039.656        8051.313        8051.750;
   162    1.434       10666.656        7489.938        7500.563        7501.469;
   163    1.443       10666.656        6957.500        6966.469        6966.344;
   164    1.452       10666.656        6445.531        6457.500        6458.031;
   165    1.461       10666.656        5956.344        5963.313        5963.750;
   166    1.470       10666.656        5491.688        5502.281        5508.219;
   167    1.479       10666.656        5055.406        5060.406        5064.094;
   168    1.488       10666.656        4649.625        4659.813        4663.969;
   169    1.496       10666.656        4275.938        4284.594        4287.219;
   170    1.505       10666.656        3935.938        3943.781        3947.563;
   171    1.514       10666.656        3630.563        3639.375        3645.906;
   172    1.523       10666.656        3363.938        3370.031        3374.656;
   173    1.532       10666.656        3134.125        3143.219        3148.500;
   174    1.541       10666.656        2945.000        2950.281        2951.594;
   175    1.549       10666.656        2794.406        2802.906        2807.000;
   176    1.558       10666.656        2684.219        2689.625        2692.500;
   177    1.567       10666.656        2616.438        2618.594        2619.625;
   178    1.576       10666.656        2591.531        2592.969        2592.875;
   179    1.585       10666.656        2608.125        2605.688        2603.250;
   180    1.594       10666.656        2669.281        2662.281        2658.063;
   181    1.603       10666.656        2771.563        2761.156        2754.594;
   182    1.611       10666.656        2912.375        2900.375        2890.969;
   183    1.620       10666.656        3088.688        3072.844        3061.031;
   184    1.629       10666.656        3304.531        3290.656        3280.500;
   185    1.638       10666.656        3555.531        3535.469        3522.500;
   186    1.647       10666.656        3841.594        3825.531        3814.625;
   187    1.656       10666.656        4160.000        4136.063        4121.438;
   188    1.665       10666.656        4508.438        4488.906        4474.656;
   189    1.673       10666.656        4887.344        4863.594        4845.563;
   190    1.682       10666.656        5294.750        5268.844        5251.094;
   191    1.691       10666.656        5726.813        5700.875        5681.781;
   192    1.700       10666.656        6183.063        6152.219        6129.063;
   193    1.709       10666.656        6658.656        6633.375        6609.844;
   194    1.718       10666.656        7154.156        7119.094        7088.656;
   195    1.727       10666.656        7665.563        7636.594        7613.219;
   196    1.735       10666.656        8191.469        8153.969        8131.375;
   197    1.744       10666.656        8725.688        8694.625        8668.875;
   198    1.753       10666.656        9270.531        9241.813        9209.563;
   199    1.762       10666.656        9818.531        9785.688        9755.906;
   200    1.771       10666.656       10368.719       10339.250       10311.719;
   201    1.780       10666.656       10920.219       10889.969       10862.969;
   202    1.789       10666.656       11468.625       11443.875       11419.469;
   203    1.797       10666.656       12011.813       11981.500       11950.844;
   204    1.806       10666.656       12547.094       12523.281       12501.125;
   205    1.815       10666.656       13071.656       13041.938       13015.125;
   206    1.824       10666.656       13583.688       13562.188       13542.000;
   207    1.833       10666.656       14079.813       14053.375       14033.938;
   208    1.842       10666.656       14558.125       14536.875       14518.750;
   209    1.851       10666.656       15014.156       14998.781       14978.813;
   210    1.859       10666.656       15449.688       15431.938       15411.125;
   211    1.868       10666.656       15860.344       15847.750       15832.906;
   212    1.877       10666.656       16243.063       16225.938       16208.938;
   213    1.886       10666.656       16597.438       16587.531       16570.250;
   214    1.895       10666.656       16921.156       16908.531       16885.906;
   215    1.904       10666.656       17210.594       17204.469       17184.250;
   216    1.913       10666.656       17468.563       17461.563       17442.594;
   217    1.921       10666.656       17692.219       17685.125       17666.781;
   218    1.930       10666.656       17879.313       17874.875       17856.500;
   219    1.939       10666.656       18028.938       18023.719       18004.750;
   220    1.948       10666.656       18143.031       18142.844       18126.531;
   221    1.957       10666.656       18218.063       18214.063       18195.656;
   222    1.966       10666.656       18252.000       18253.156       18238.469;
   223    1.974       10666.656       18246.625       18248.906       18234.688;
   224    1.983       10666.656       18198.563       18206.625       18195.469;
   225    1.992       10666.656       18111.125       18123.625       18115.906;
   226    2.001       10666.656       17986.031       18001.250       17995.469;
   227    2.010       10666.656       17827.125       17847.125       17843.344;
   228    2.019       10666.656       17633.719       17653.188       17650.906;
   229    2.028       10666.656       17406.500       17427.469       17426.438;
   230    2.036       10666.656       17148.594       17168.000       17167.531;
   231    2.045       10666.656       16859.938       16879.313       16879.906;
   232    2.054       10666.656       16540.219       16558.906       16559.500;
   233    2.063       10666.656       16192.531       16213.750       16216.656;
   234    2.072       10666.656       15819.469       15838.688       15842.688;
   235    2.081       10666.656       15422.938       15443.906       15450.156;
   236    2.090       10666.656       15004.000       15025.969       15032.625;
   237    2.098       10666.656       14566.688       14584.188       14589.469;
   238    2.107       10666.656       14111.281       14132.344       14139.844;
   239    2.116       10666.656       13639.469       13657.625       13663.500;
   240    2.125       10666.656       13154.844       13172.438       13179.938;
   241    2.134       10666.656       12660.875       12672.688       12680.875;
   242    2.143       10666.656       12158.188       12170.063       12175.031;
   243    2.152       10666.656       11650.031       11664.281       11664.969;
   244    2.160       10666.656       11139.781       11149.313       11146.344;
   245    2.169       10666.656       10628.250       10646.531       10653.438;
   246    2.178       10666.656       10118.594       10122.625       10121.469;
   247    2.187       10666.656        9613.875        9628.719        9632.500;
   248    2.196       10666.656        9115.688        9118.406        9118.594;
   249    2.205       10666.656        8625.438        8638.531        8644.156;
   250    2.214       10666.656        8147.813        8154.219        8150.125;
   251    2.222       10666.656        7683.563        7697.563        7696.781;
   252    2.231       10666.656        7237.625        7245.031        7245.063;
   253    2.240       10666.656        6809.594        6815.844        6818.313;
   254    2.249       10666.656        6402.563        6411.000        6415.219;
   255    2.258       10666.656        6018.969        6022.594        6021.563;
   256    2.267       10666.656        5659.594        5671.531        5674.094;
   257    2.276       10666.656        5326.500        5331.344        5331.063;
   258    2.284       10666.656        5022.250        5030.375        5034.313;
   259    2.293       10666.656        4748.906        4752.281        4754.969;
   260    2.302       10666.656        4506.063        4511.844        4514.906;
   261    2.311       10666.656        4297.094        4302.563        4306.125;
   262    2.320       10666.656        4121.344        4124.313        4125.938;
   263    2.329       10666.656        3979.188        3983.688        3987.750;
   264    2.338       10666.656        3872.313        3875.813        3877.656;
   265    2.346       10666.656        3801.156        3801.625        3801.688;
   266    2.355       10666.656        3763.313        3764.344        3764.625;
   267    2.364       10666.656        3755.031        3754.500        3753.500;
   268    2.373       10666.656        3780.250        3776.094        3773.594;
   269    2.382       10666.656        3836.344        3826.938        3820.719;
   270    2.391       10666.656        3925.469        3914.938        3907.500;
   271    2.399       10666.656        4048.438        4034.250        4024.875;
   272    2.408       10666.656        4204.156        4186.781        4174.625;
   273    2.417       10666.656        4389.719        4373.281        4362.000;
   274    2.426       10666.656        4606.719        4587.969        4572.625;
   275    2.435       10666.656        4852.375        4834.750        4819.344;
   276    2.444       10666.656        5127.563        5104.219        5086.563;
   277    2.453       10666.656        5429.406        5409.563        5393.750;
   278    2.461       10666.656        5755.688        5730.688        5710.875;
   279    2.470       10666.656        6105.688        6079.906        6060.719;
   280    2.479       10666.656        6476.281        6451.188        6431.313;
   281    2.488       10666.656        6867.188        6840.125        6817.469;
   282    2.497       10666.656        7275.656        7245.188        7222.656;
   283    2.506       10666.656        7699.625        7671.281        7649.656;
   284    2.515       10666.656        8138.031        8105.063        8080.750;
   285    2.523       10666.656        8586.063        8558.063        8532.375;
   286    2.532       10666.656        9044.594        9017.344        8987.438;
   287    2.541       10666.656        9509.531        9480.906        9448.375;
   288    2.550       10666.656        9976.781        9947.938        9917.813;
   289    2.559       10666.656       10446.625       10415.313       10389.313;
   290    2.568       10666.656       10917.000       10889.938       10868.219;
   291    2.577       10666.656       11383.969       11358.563       11332.000;
   292    2.585       10666.656       11847.063       11824.406       11791.781;
   293    2.594       10666.656       12302.500       12280.594       12250.375;
   294    2.603       10666.656       12747.625       12721.719       12701.625;
   295    2.612       10666.656       13182.969       13153.969       13136.406;
   296    2.621       10666.656       13605.125       13582.688       13565.875;
   297    2.630       10666.656       14010.813       13988.938       13965.125;
   298    2.639       10666.656       14398.813       14382.031       14359.625;
   299    2.647       10666.656       14765.750       14747.469       14728.188;
   300    2.656       10666.656       15112.375       15097.063       15083.000;
   301    2.665       10666.656       15436.781       15421.125       15405.125;
   302    2.674       10666.656       15736.188       15724.875       15706.563;
   303    2.683       10666.656       16009.500       15998.094       15977.625;
   304    2.692       10666.656       16254.563       16244.531       16226.500;
   305    2.701       10666.656       16472.125       16461.844       16444.813;
   306    2.709       10666.656       16658.469       16648.500       16632.156;
   307    2.718       10666.656       16815.531       16804.563       16785.938;
   308    2.727       10666.656       16939.094       16938.094       16923.500;
   309    2.736       10666.656       17028.406       17019.156       16999.719;
   310    2.745       10666.656       17085.406       17084.188       17069.938;
   311    2.754       10666.656       17112.000       17110.281       17095.438;
   312    2.763       10666.656       17111.406       17114.469       17101.469;
   313    2.771       10666.656       17079.313       17083.125       17072.000;
   314    2.780       10666.656       17017.594       17026.656       17019.313;
   315    2.789       10666.656       16924.656       16934.531       16928.344;
   316    2.798       10666.656       16798.625       16813.125       16810.781;
   317    2.807       10666.656       16641.938       16655.313       16652.406;
   318    2.816       10666.656       16456.594       16472.906       16472.094;
   319    2.824       10666.656       16242.688       16261.500       16262.438;
   320    2.833       10666.656       16003.563       16019.156       16019.156;
   321    2.842       10666.656       15740.063       15760.156       15764.313;
   322    2.851       10666.656       15453.531       15468.750       15470.406;
   323    2.860       10666.656       15143.719       15166.313       15172.688;
   324    2.869       10666.656       14813.063       14826.875       14828.781;
   325    2.878       10666.656       14465.375       14483.719       14490.281;
   326    2.886       10666.656       14099.563       14112.313       14116.906;
   327    2.895       10666.656       13718.125       13733.563       13739.906;
   328    2.904       10666.656       13321.781       13336.281       13342.031;
   329    2.913       10666.656       12915.094       12930.750       12937.750;
   330    2.922       10666.656       12500.156       12509.969       12514.250;
   331    2.931       10666.656       12077.344       12090.344       12093.844;
   332    2.940       10666.656       11649.438       11658.781       11658.719;
   333    2.948       10666.656       11218.750       11226.875       11227.469;
   334    2.957       10666.656       10787.375       10800.469       10806.844;
   335    2.966       10666.656       10356.656       10361.063       10362.750;
   336    2.975       10666.656        9929.250        9939.281        9943.438;
   337    2.984       10666.656        9506.969        9512.063        9510.406;
   338    2.993       10666.656        9090.906        9100.844        9101.750;
   339    3.002       10666.656        8684.344        8692.438        8693.438;
   340    3.010       10666.656        8290.031        8295.594        8296.063;
   341    3.019       10666.656        7907.969        7916.406        7918.094;
   342    3.028       10666.656        7542.063        7548.188        7548.531;
   343    3.037       10666.656        7194.031        7200.750        7201.031;
   344    3.046       10666.656        6864.688        6870.094        6868.188;
   345    3.055       10666.656        6555.563        6565.031        6565.719;
   346    3.064       10666.656        6268.938        6273.281        6272.688;
   347    3.072       10666.656        6005.813        6009.688        6010.563;
   348    3.081       10666.656        5766.375        5772.094        5773.406;
   349    3.090       10666.656        5554.031        5560.063        5561.906;
   350    3.099       10666.656        5368.000        5371.406        5371.563;
   351    3.108       10666.656        5210.219        5212.625        5212.406;
   352    3.117       10666.656        5081.531        5086.875        5088.531;
   353    3.126       10666.656        4980.813        4978.219        4974.781;
   354    3.134       10666.656        4910.031        4912.469        4912.500;
   355    3.143       10666.656        4871.750        4870.156        4868.500;
   356    3.152       10666.656        4864.031        4862.500        4859.500;
   357    3.161       10666.656        4891.500        4885.594        4880.813;
   358    3.170       10666.656        4950.500        4940.094        4931.031;
   359    3.179       10666.656        5039.438        5026.063        5014.219;
   360    3.188       10666.656        5154.938        5141.906        5130.938;
   361    3.196       10666.656        5296.563        5280.563        5267.000;
   362    3.205       10666.656        5465.188        5446.531        5430.469;
   363    3.214       10666.656        5657.875        5641.594        5625.938;
   364    3.223       10666.656        5875.375        5851.625        5832.375;
   365    3.232       10666.656        6116.594        6098.250        6082.313;
   366    3.241       10666.656        6378.625        6352.938        6332.969;
   367    3.249       10666.656        6659.906        6641.219        6623.063;
   368    3.258       10666.656        6961.219        6936.375        6914.063;
   369    3.267       10666.656        7279.719        7253.750        7233.344;
   370    3.276       10666.656        7613.344        7589.938        7569.875;
   371    3.285       10666.656        7961.844        7934.125        7911.031;
   372    3.294       10666.656        8323.281        8299.938        8279.156;
   373    3.303       10666.656        8693.563        8664.375        8639.281;
   374    3.311       10666.656        9073.688        9051.063        9026.031;
   375    3.320       10666.656        9461.031        9430.563        9399.156;
   376    3.329       10666.656        9851.188        9826.938        9799.000;
   377    3.338       10666.656       10243.906       10215.531       10185.031;
   378    3.347       10666.656       10637.844       10615.125       10588.656;
   379    3.356       10666.656       11030.281       11006.188       10977.938;
   380    3.365       10666.656       11420.094       11399.125       11371.750;
   381    3.373       10666.656       11805.500       11782.188       11752.906;
   382    3.382       10666.656       12184.000       12161.313       12133.375;
   383    3.391       10666.656       12552.531       12532.094       12507.906;
   384    3.400       10666.656       12911.563       12886.156       12860.781;
   385    3.409       10666.656       13258.938       13239.656       13218.188;
   386    3.418       10666.656       13592.438       13570.313       13547.938;
   387    3.427       10666.656       13909.719       13892.969       13874.031;
   388    3.435       10666.656       14210.375       14192.250       14172.844;
   389    3.444       10666.656       14493.063       14476.031       14457.625;
   390    3.453       10666.656       14753.000       14736.188       14717.906;
   391    3.462       10666.656       14993.219       14983.656       14967.875;
   392    3.471       10666.656       15210.938       15195.281       15174.688;
   393    3.480       10666.656       15405.406       15398.531       15383.938;
   394    3.489       10666.656       15576.281       15561.500       15542.156;
   395    3.497       10666.656       15720.781       15718.281       15704.969;
   396    3.506       10666.656       15840.219       15827.438       15807.906;
   397    3.515       10666.656       15934.063       15928.531       15913.656;
   398    3.524       10666.656       16000.781       15997.438       15983.625;
   399    3.533       10666.656       16039.469       16036.563       16023.000;
   400    3.542       10666.656       16050.000       16049.469       16036.469;
   401    3.551       10666.656       16033.906       16035.875       16025.188;
   402    3.559       10666.656       15988.250       15995.438       15988.031;
   403    3.568       10666.656       15915.688       15925.688       15920.219;
   404    3.577       10666.656       15818.313       15829.281       15824.125;
   405    3.586       10666.656       15698.438       15712.938       15711.281;
   406    3.595       10666.656       15555.000       15571.875       15572.344;
   407    3.604       10666.656       15387.375       15401.719       15400.875;
   408    3.613       10666.656       15197.688       15216.938       15219.313;
   409    3.621       10666.656       14987.656       15002.813       15004.250;
   410    3.630       10666.656       14756.500       14773.500       14776.531;
   411    3.639       10666.656       14508.969       14523.125       14525.000;
   412    3.648       10666.656       14242.813       14257.156       14260.000;
   413    3.657       10666.656       13960.500       13973.406       13976.875;
   414    3.666       10666.656       13662.000       13671.969       13674.719;
   415    3.674       10666.656       13350.031       13363.969       13368.813;
   416    3.683       10666.656       13026.625       13038.688       13040.844;
   417    3.692       10666.656       12694.438       12705.281       12707.906;
   418    3.701       10666.656       12353.938       12361.656       12362.969;
   419    3.710       10666.656       12006.563       12017.781       12020.594;
   420    3.719       10666.656       11654.156       11662.094       11661.375;
   421    3.728       10666.656       11298.750       11308.156       11307.563;
   422    3.736       10666.656       10942.031       10953.469       10954.688;
   423    3.745       10666.656       10585.313       10597.219       10598.438;
   424    3.754       10666.656       10231.438       10239.344       10239.406;
   425    3.763       10666.656        9881.125        9890.656        9892.906;
   426    3.772       10666.656        9536.156        9540.375        9539.063;
   427    3.781       10666.656        9197.594        9203.969        9204.781;
   428    3.790       10666.656        8866.906        8873.531        8874.313;
   429    3.798       10666.656        8547.188        8552.438        8552.500;
   430    3.807       10666.656        8240.375        8246.500        8247.875;
   431    3.816       10666.656        7945.719        7949.500        7949.438;
   432    3.825       10666.656        7666.438        7672.813        7673.906;
   433    3.834       10666.656        7405.406        7411.188        7410.469;
   434    3.843       10666.656        7161.531        7164.875        7163.500;
   435    3.852       10666.656        6936.750        6941.844        6940.750;
   436    3.860       10666.656        6732.219        6737.250        6737.094;
   437    3.869       10666.656        6548.281        6550.438        6548.469;
   438    3.878       10666.656        6386.313        6391.594        6391.750;
   439    3.887       10666.656        6246.094        6248.781        6247.906;
   440    3.896       10666.656        6130.500        6127.125        6123.281;
   441    3.905       10666.656        6039.625        6044.031        6045.063;
   442    3.914       10666.656        5971.469        5970.219        5968.531;
   443    3.922       10666.656        5926.188        5926.688        5925.938;
   444    3.931       10666.656        5905.031        5901.969        5899.219;
   445    3.940       10666.656        5906.594        5903.031        5899.750;
   446    3.949       10666.656        5934.406        5927.094        5921.375;
   447    3.958       10666.656        5985.438        5975.563        5967.625;
   448    3.967       10666.656        6057.813        6046.125        6036.031;
   449    3.976       10666.656        6151.625        6135.594        6121.938;
   450    3.984       10666.656        6268.500        6250.125        6235.000;
   451    3.993       10666.656        6407.250        6392.000        6378.219;
   452    4.002           0.000        6564.906        6545.094        6527.063;
   453    4.011           0.000        6714.531        6708.500        6696.688;
   454    4.020           0.000        6830.688        6819.313        6803.000;
   455    4.029           0.000        6913.594        6903.813        6888.156;
   456    4.038           0.000        6964.844        6956.531        6941.813;
   457    4.046           0.000        6982.000        6975.406        6961.469;
   458    4.055           0.000        6965.813        6962.656        6950.969;
   459    4.064           0.000        6914.313        6916.281        6907.594;
   460    4.073           0.000        6831.781        6838.750        6834.188;
   461    4.082           0.000        6717.594        6726.875        6724.906;
   462    4.091           0.000        6569.938        6577.688        6575.719;
   463    4.099           0.000        6391.156        6402.344        6403.281;
   464    4.108           0.000        6182.031        6190.313        6190.938;
   465    4.117           0.000        5942.156        5950.406        5951.031;
   466    4.126           0.000        5673.531        5696.344        5704.281;
   467    4.135           0.000        5377.594        5387.094        5388.000;
   468    4.144           0.000        5057.188        5077.188        5087.125;
   469    4.153           0.000        4713.375        4723.594        4728.844;
   470    4.161           0.000        4347.375        4365.938        4376.906;
   471    4.170           0.000        3961.125        3975.531        3982.656;
   472    4.179           0.000        3556.188        3574.844        3585.750;
   473    4.188           0.000        3136.094        3153.938        3164.281;
   474    4.197           0.000        2701.156        2719.688        2729.844;
   475    4.206           0.000        2255.531        2276.844        2287.750;
   476    4.215           0.000        1801.250        1823.375        1836.031;
   477    4.223           0.000        1338.906        1363.156        1377.281;
   478    4.232           0.000         871.750         896.813         910.094;
   479    4.241           0.000         403.344         428.344         440.313;
   480    4.250           0.000         -66.594         -41.844         -28.406;
   481    4.259           0.000        -533.125        -508.719        -488.875;
   482    4.268           0.000        -994.406        -972.938        -952.500;
   483    4.277           0.000       -1451.188       -1426.781       -1412.969;
   484    4.285           0.000       -1898.969       -1870.688       -1861.656;
   485    4.294           0.000       -2333.656       -2306.719       -2297.250;
   486    4.303           0.000       -2755.406       -2732.844       -2719.125;
   487    4.312           0.000       -3161.563       -3140.938       -3123.969;
   488    4.321           0.000       -3550.000       -3533.000       -3521.031;
   489    4.330           0.000       -3918.469       -3895.938       -3885.188;
   490    4.339           0.000       -4265.250       -4250.469       -4243.063;
   491    4.347           0.000       -4588.656       -4572.094       -4560.031;
   492    4.356           0.000       -4887.719       -4875.344       -4863.125;
   493    4.365           0.000       -5160.125       -5144.781       -5130.781;
   494    4.374           0.000       -5405.500       -5393.938       -5385.094;
   495    4.383           0.000       -5622.063       -5610.688       -5602.031;
   496    4.392           0.000       -5808.594       -5800.938       -5793.906;
   497    4.401           0.000       -5963.250       -5957.938       -5950.906;
   498    4.409           0.000       -6088.469       -6078.813       -6069.469;
   499    4.418           0.000       -6181.969       -6183.844       -6182.813;
   500    4.427           0.000       -6241.531       -6236.813       -6231.500;
   501    4.436           0.000       -6266.188       -6267.500       -6265.344;
   502    4.445           0.000       -6258.125       -6259.469       -6257.688;
   503    4.454           0.000       -6213.281       -6222.125       -6225.344;
   504    4.463           0.000       -6135.344       -6147.313       -6153.688;
   505    4.471           0.000       -6025.750       -6038.156       -6044.281;
   506    4.480           0.000       -5888.500       -5906.281       -5916.250;
   507    4.489           0.000       -5723.063       -5743.500       -5755.344;
   508    4.498           0.000       -5528.563       -5545.156       -5553.688;
   509    4.507           0.000       -5308.219       -5330.500       -5342.938;
   510    4.516           0.000       -5062.656       -5078.031       -5086.531;
   511    4.524           0.000       -4792.438       -4813.344       -4823.719;
   512    4.533           0.000       -4498.906       -4520.250       -4528.531;
   513    4.542           0.000       -4184.469       -4204.875       -4215.000;
   514    4.551           0.000       -3850.281       -3870.938       -3883.063;
   515    4.560           0.000       -3498.156       -3517.406       -3527.688;
   516    4.569           0.000       -3128.625       -3152.000       -3164.438;
   517    4.578           0.000       -2744.406       -2762.625       -2771.813;
   518    4.586           0.000       -2349.094       -2373.125       -2384.938;
   519    4.595           0.000       -1942.844       -1962.969       -1972.500;
   520    4.604           0.000       -1526.219       -1548.781       -1560.188;
   521    4.613           0.000       -1103.406       -1124.375       -1134.063;
   522    4.622           0.000        -679.844        -698.969        -709.188;
   523    4.631           0.000        -250.906        -269.031        -278.813;
   524    4.640           0.000         176.750         161.625         151.969;
   525    4.648           0.000         603.688         585.219         574.969;
   526    4.657           0.000        1027.813        1009.219        1001.969;
   527    4.666           0.000        1445.125        1425.406        1418.469;
   528    4.675           0.000        1853.438        1835.094        1826.438;
   529    4.684           0.000        2252.188        2235.250        2225.531;
   530    4.693           0.000        2639.500        2621.594        2610.563;
   531    4.702           0.000        3012.375        2992.469        2980.625;
   532    4.710           0.000        3369.531        3350.531        3340.938;
   533    4.719           0.000        3708.719        3688.063        3677.094;
   534    4.728           0.000        4028.688        4007.813        3996.375;
   535    4.737           0.000        4327.063        4305.313        4292.156;
   536    4.746           0.000        4602.500        4584.563        4572.219;
   537    4.755           0.000        4855.281        4832.750        4819.000;
   538    4.764           0.000        5081.844        5060.688        5047.094;
   539    4.772           0.000        5283.375        5263.000        5250.438;
   540    4.781           0.000        5457.031        5435.563        5420.563;
   541    4.790           0.000        5603.156        5583.219        5569.469;
   542    4.799           0.000        5721.469        5705.344        5693.000;
   543    4.808           0.000        5808.750        5787.500        5771.781;
   544    4.817           0.000        5864.000        5848.219        5835.563;
   545    4.826           0.000        5887.594        5872.094        5859.531;
   546    4.834           0.000        5881.469        5869.563        5859.656;
   547    4.843           0.000        5842.125        5833.094        5824.906;
   548    4.852           0.000        5771.844        5768.219        5763.875;
   549    4.861           0.000        5671.031        5669.531        5667.375;
   550    4.870           0.000        5541.938        5545.000        5546.031;
   551    4.879           0.000        5387.594        5387.156        5386.156;
   552    4.888           0.000        5207.219        5214.281        5217.844;
   553    4.896           0.000        5003.094        5004.250        5004.063;
   554    4.905           0.000        4774.813        4783.500        4788.125;
   555    4.914           0.000        4524.188        4529.313        4532.094;
   556    4.923           0.000        4251.688        4260.906        4267.500;
   557    4.932           0.000        3959.031        3967.469        3974.750;
   558    4.941           0.000        3648.594        3658.313        3665.156;
   559    4.949           0.000        3321.719        3335.125        3343.438;
   560    4.958           0.000        2979.594        2990.750        2996.438;
   561    4.967           0.000        2623.031        2638.031        2647.500;
   562    4.976           0.000        2255.781        2267.594        2278.031;
   563    4.985           0.000        1879.656        1898.594        1915.156;
   564    4.994           0.000        1496.563        1511.781        1525.781;
   565    5.003           0.000        1107.188        1126.938        1142.594;
   566    5.011           0.000         713.063         732.469         747.219;
   567    5.020           0.000         321.188         337.531         353.875;
   568    5.029           0.000         -73.531         -56.344         -38.656;
   569    5.038           0.000        -465.938        -447.188        -430.438;
   570    5.047           0.000        -853.469        -833.625        -816.813;
   571    5.056           0.000       -1236.188       -1218.438       -1202.781;
   572    5.065           0.000       -1611.000       -1593.438       -1578.281;
   573    5.073           0.000       -1976.469       -1955.594       -1940.031;
   574    5.082           0.000       -2328.313       -2311.438       -2299.219;
   575    5.091           0.000       -2667.969       -2646.531       -2632.063;
   576    5.100           0.000       -2991.813       -2974.875       -2962.406;
   577    5.109           0.000       -3300.156       -3283.156       -3269.281;
   578    5.118           0.000       -3589.125       -3575.219       -3564.031;
   579    5.127           0.000       -3857.875       -3842.188       -3830.375;
   580    5.135           0.000       -4106.313       -4094.313       -4082.531;
   581    5.144           0.000       -4331.875       -4321.500       -4310.813;
   582    5.153           0.000       -4534.750       -4524.281       -4514.500;
   583    5.162           0.000       -4712.406       -4704.469       -4695.875;
   584    5.171           0.000       -4866.594       -4854.531       -4842.563;
   585    5.180           0.000       -4993.313       -4986.969       -4979.094;
   586    5.189           0.000       -5092.938       -5082.406       -5072.063;
   587    5.197           0.000       -5167.500       -5159.563       -5150.563;
   588    5.206           0.000       -5216.594       -5209.719       -5201.250;
   589    5.215           0.000       -5239.094       -5234.281       -5227.063;
   590    5.224           0.000       -5236.250       -5233.875       -5228.313;
   591    5.233           0.000       -5203.969       -5205.656       -5202.844;
   592    5.242           0.000       -5146.469       -5153.313       -5154.156;
   593    5.251           0.000       -5065.844       -5074.844       -5077.656;
   594    5.259           0.000       -4961.000       -4973.094       -4978.688;
   595    5.268           0.000       -4830.281       -4843.781       -4849.281;
   596    5.277           0.000       -4675.063       -4689.344       -4695.844;
   597    5.286           0.000       -4498.063       -4517.000       -4524.781;
   598    5.295           0.000       -4298.875       -4314.906       -4321.875;
   599    5.304           0.000       -4079.281       -4098.781       -4107.594;
   600    5.313           0.000       -3840.906       -3856.938       -3865.625;
   601    5.321           0.000       -3584.844       -3603.813       -3612.750;
   602    5.330           0.000       -3310.406       -3330.594       -3338.500;
   603    5.339           0.000       -3020.531       -3037.563       -3046.875;
   604    5.348           0.000       -2715.781       -2734.688       -2745.375;
   605    5.357           0.000       -2399.719       -2417.625       -2426.156;
   606    5.366           0.000       -2072.094       -2091.531       -2100.375;
   607    5.374           0.000       -1735.906       -1753.469       -1760.281;
   608    5.383           0.000       -1388.906       -1408.750       -1417.500;
   609    5.392           0.000       -1039.031       -1058.938       -1068.688;
   610    5.401           0.000        -686.563        -705.563        -715.281;
   611    5.410           0.000        -329.031        -347.906        -356.281;
   612    5.419           0.000          28.313          11.031           2.750;
   613    5.428           0.000         384.969         366.813         358.313;
   614    5.436           0.000         738.438         718.688         710.063;
   615    5.445           0.000        1089.656        1068.594        1060.219;
   616    5.454           0.000        1432.750        1413.094        1405.656;
   617    5.463           0.000        1767.656        1746.125        1737.469;
   618    5.472           0.000        2092.344        2074.500        2065.875;
   619    5.481           0.000        2408.063        2389.281        2381.719;
   620    5.490           0.000        2709.625        2688.844        2678.250;
   621    5.498           0.000        2997.625        2979.594        2969.250;
   622    5.507           0.000        3270.031        3248.750        3238.438;
   623    5.516           0.000        3524.594        3504.094        3494.281;
   624    5.525           0.000        3760.219        3741.500        3731.844;
   625    5.534           0.000        3976.688        3954.438        3943.156;
   626    5.543           0.000        4171.906        4153.688        4144.344;
   627    5.552           0.000        4346.063        4322.281        4309.156;
   628    5.560           0.000        4496.844        4482.906        4474.469;
   629    5.569           0.000        4623.563        4600.969        4586.406;
   630    5.578           0.000        4727.438        4711.250        4700.500;
   631    5.587           0.000        4809.813        4793.094        4783.000;
   632    5.596           0.000        4866.875        4850.375        4840.125;
   633    5.605           0.000        4897.438        4881.406        4871.438;
   634    5.614           0.000        4903.000        4888.469        4878.469;
   635    5.622           0.000        4880.063        4868.844        4861.688;
   636    5.631           0.000        4831.063        4824.219        4820.469;
   637    5.640           0.000        4756.875        4753.344        4751.750;
   638    5.649           0.000        4660.969        4657.125        4654.938;
   639    5.658           0.000        4544.406        4544.031        4545.125;
   640    5.667           0.000        4405.250        4407.750        4411.656;
   641    5.676           0.000        4243.688        4245.344        4248.000;
   642    5.684           0.000        4062.813        4065.594        4069.969;
   643    5.693           0.000        3863.125        3869.781        3875.250;
   644    5.702           0.000        3645.719        3649.500        3653.406;
   645    5.711           0.000        3411.156        3420.125        3427.344;
   646    5.720           0.000        3160.281        3165.469        3170.813;
   647    5.729           0.000        2895.031        2905.813        2914.031;
   648    5.738           0.000        2616.813        2624.063        2629.250;
   649    5.746           0.000        2327.219        2338.781        2347.688;
   650    5.755           0.000        2028.406        2038.844        2048.969;
   651    5.764           0.000        1721.125        1734.656        1747.156;
   652    5.773           0.000        1407.156        1420.469        1432.031;
   653    5.782           0.000        1088.031        1103.063        1115.719;
   654    5.791           0.000         764.031         781.188         793.688;
   655    5.799           0.000         440.031         455.875         468.375;
   656    5.808           0.000         115.750         132.250         145.875;
   657    5.817           0.000        -209.156        -191.344        -176.813;
   658    5.826           0.000        -530.500        -511.938        -496.531;
   659    5.835           0.000        -846.688        -828.594        -813.719;
   660    5.844           0.000       -1158.313       -1140.906       -1127.125;
   661    5.853           0.000       -1462.313       -1445.938       -1432.719;
   662    5.861           0.000       -1757.344       -1737.125       -1720.625;
   663    5.870           0.000       -2043.031       -2026.125       -2013.594;
   664    5.879           0.000       -2314.500       -2296.125       -2283.688;
   665    5.888           0.000       -2573.438       -2554.719       -2541.813;
   666    5.897           0.000       -2818.031       -2801.375       -2789.656;
   667    5.906           0.000       -3046.844       -3030.375       -3019.156;
   668    5.915           0.000       -3259.125       -3244.531       -3232.688;
   669    5.923           0.000       -3452.719       -3439.750       -3429.719;
   670    5.932           0.000       -3627.438       -3611.563       -3600.281;
   671    5.941           0.000       -3781.156       -3767.625       -3758.188;
   672    5.950           0.000       -3915.031       -3905.281       -3897.906;
   673    5.959           0.000       -4028.406       -4014.000       -4002.719;
   674    5.968           0.000       -4119.563       -4112.781       -4106.500;
   675    5.977           0.000       -4188.375       -4180.125       -4172.563;
   676    5.985           0.000       -4236.406       -4229.719       -4222.438;
   677    5.994           0.000       -4264.406       -4258.188       -4251.250;
   678    6.003           0.000       -4272.969       -4267.500       -4261.500;
   679    6.012           0.000       -4261.438       -4259.656       -4255.469;
   680    6.021           0.000       -4228.906       -4231.438       -4229.750;
   681    6.030           0.000       -4177.813       -4184.438       -4185.844;
   682    6.039           0.000       -4107.688       -4116.250       -4118.969;
   683    6.047           0.000       -4017.188       -4025.656       -4028.219;
   684    6.056           0.000       -3906.219       -3917.969       -3924.563;
   685    6.065           0.000       -3777.219       -3789.219       -3796.094;
   686    6.074           0.000       -3630.188       -3642.844       -3648.563;
   687    6.083           0.000       -3465.594       -3480.281       -3487.719;
   688    6.092           0.000       -3283.219       -3298.250       -3304.875;
   689    6.101           0.000       -3085.906       -3098.656       -3106.938;
   690    6.109           0.000       -2872.625       -2887.500       -2896.844;
   691    6.118           0.000       -2646.063       -2658.469       -2665.688;
   692    6.127           0.000       -2408.125       -2424.656       -2432.875;
   693    6.136           0.000       -2158.625       -2171.688       -2178.625;
   694    6.145           0.000       -1899.875       -1915.250       -1925.063;
   695    6.154           0.000       -1631.219       -1644.750       -1652.125;
   696    6.163           0.000       -1354.188       -1370.563       -1377.531;
   697    6.171           0.000       -1073.531       -1090.625       -1097.938;
   698    6.180           0.000        -790.063        -805.313        -812.313;
   699    6.189           0.000        -501.813        -517.813        -526.000;
   700    6.198           0.000        -211.656        -224.906        -232.094;
   701    6.207           0.000          78.313          62.313          52.969;
   702    6.216           0.000         368.063         352.938         346.250;
   703    6.224           0.000         654.281         636.625         628.094;
   704    6.233           0.000         936.719         920.438         912.813;
   705    6.242           0.000        1215.313        1196.438        1187.313;
   706    6.251           0.000        1485.469        1468.281        1461.219;
   707    6.260           0.000        1747.719        1728.438        1721.375;
   708    6.269           0.000        2000.375        1981.438        1973.969;
   709    6.278           0.000        2243.531        2229.844        2222.938;
   710    6.286           0.000        2475.063        2457.719        2448.031;
   711    6.295           0.000        2693.813        2676.344        2666.469;
   712    6.304           0.000        2897.875        2880.781        2871.938;
   713    6.313           0.000        3087.500        3067.750        3056.375;
   714    6.322           0.000        3260.188        3245.219        3237.969;
   715    6.331           0.000        3415.875        3396.063        3384.719;
   716    6.340           0.000        3553.844        3537.000        3529.125;
   717    6.348           0.000        3671.906        3656.969        3650.188;
   718    6.357           0.000        3770.250        3751.406        3740.969;
   719    6.366           0.000        3850.188        3835.000        3826.094;
   720    6.375           0.000        3910.906        3895.500        3886.938;
   721    6.384           0.000        3951.563        3937.938        3931.094;
   722    6.393           0.000        3971.188        3958.094        3951.844;
   723    6.402           0.000        3971.688        3960.000        3955.469;
   724    6.410           0.000        3949.156        3940.969        3937.094;
   725    6.419           0.000        3906.625        3901.938        3900.031;
   726    6.428           0.000        3845.313        3842.406        3841.688;
   727    6.437           0.000        3766.594        3764.688        3764.875;
   728    6.446           0.000        3670.844        3672.281        3675.125;
   729    6.455           0.000        3557.531        3559.844        3563.531;
   730    6.464           0.000        3425.844        3427.563        3430.625;
   731    6.472           0.000        3277.906        3281.969        3287.063;
   732    6.481           0.000        3114.906        3120.531        3125.438;
   733    6.490           0.000        2936.625        2942.469        2947.375;
   734    6.499           0.000        2745.031        2751.000        2756.000;
   735    6.508           0.000        2541.563        2550.000        2556.500;
   736    6.517           0.000        2327.594        2334.656        2340.750;
   737    6.526           0.000        2103.563        2115.281        2125.344;
   738    6.534           0.000        1871.000        1880.250        1889.281;
   739    6.543           0.000        1631.000        1643.469        1654.156;
   740    6.552           0.000        1384.656        1395.188        1405.344;
   741    6.561           0.000        1132.813        1145.969        1157.500;
   742    6.570           0.000         876.500         890.438         900.625;
   743    6.579           0.000         618.719         634.406         645.406;
   744    6.588           0.000         360.031         374.188         384.406;
   745    6.596           0.000         101.063         115.156         125.750;
   746    6.605           0.000        -157.781        -140.250        -126.188;
   747    6.614           0.000        -413.688        -399.125        -387.406;
   748    6.623           0.000        -665.250        -647.250        -633.594;
   749    6.632           0.000        -912.250        -894.656        -880.469;
   750    6.641           0.000       -1153.438       -1139.219       -1127.875;
   751    6.649           0.000       -1387.594       -1370.656       -1357.281;
   752    6.658           0.000       -1613.219       -1597.781       -1585.906;
   753    6.667           0.000       -1829.344       -1811.625       -1798.563;
   754    6.676           0.000       -2035.250       -2018.875       -2006.844;
   755    6.685           0.000       -2228.438       -2211.063       -2199.438;
   756    6.694           0.000       -2408.125       -2393.750       -2383.250;
   757    6.703           0.000       -2575.563       -2556.813       -2544.313;
   758    6.711           0.000       -2728.344       -2717.844       -2710.250;
   759    6.720           0.000       -2865.719       -2844.844       -2829.969;
   760    6.729           0.000       -2987.625       -2980.219       -2974.813;
   761    6.738           0.000       -3093.531       -3077.688       -3067.063;
   762    6.747           0.000       -3181.188       -3168.969       -3159.906;
   763    6.756           0.000       -3250.313       -3239.125       -3230.063;
   764    6.765           0.000       -3301.375       -3291.125       -3282.875;
   765    6.773           0.000       -3335.625       -3327.938       -3321.500;
   766    6.782           0.000       -3353.063       -3345.906       -3339.719;
   767    6.791           0.000       -3355.969       -3349.500       -3344.500;
   768    6.800           0.000       -3340.844       -3338.781       -3335.250;
   769    6.809           0.000       -3309.594       -3310.281       -3308.938;
   770    6.818           0.000       -3263.156       -3266.469       -3267.000;
   771    6.827           0.000       -3200.125       -3204.438       -3206.375;
   772    6.835           0.000       -3120.438       -3127.219       -3131.844;
   773    6.844           0.000       -3024.125       -3033.156       -3039.375;
   774    6.853           0.000       -2913.031       -2922.156       -2928.344;
   775    6.862           0.000       -2788.813       -2796.188       -2801.875;
   776    6.871           0.000       -2650.875       -2661.375       -2668.781;
   777    6.880           0.000       -2500.469       -2510.781       -2517.125;
   778    6.889           0.000       -2339.156       -2348.438       -2355.063;
   779    6.897           0.000       -2166.188       -2178.781       -2186.594;
   780    6.906           0.000       -1983.063       -1994.094       -2000.625;
   781    6.915           0.000       -1791.531       -1803.000       -1809.313;
   782    6.924           0.000       -1590.344       -1603.281       -1610.688;
   783    6.933           0.000       -1382.094       -1393.406       -1398.531;
   784    6.942           0.000       -1168.594       -1186.438       -1195.344;
   785    6.951           0.000        -951.125        -960.625        -964.438;
   786    6.959           0.000        -730.625        -748.219        -758.375;
   787    6.968           0.000        -505.750        -514.219        -517.969;
   788    6.977           0.000        -278.813        -294.500        -303.500;
   789    6.986           0.000         -51.063         -61.094         -66.406;
   790    6.995           0.000         175.438         164.063         157.000;
   791    7.004           0.000         401.125         386.188         378.063;
   792    7.013           0.000         623.406         612.313         606.719;
   793    7.021           0.000         842.375         823.656         814.500;
   794    7.030           0.000        1057.688        1045.250        1040.156;
   795    7.039           0.000        1266.531        1247.625        1239.219;
   796    7.048           0.000        1467.469        1453.156        1448.188;
   797    7.057           0.000        1661.063        1642.375        1634.500;
   798    7.066           0.000        1845.656        1831.094        1825.531;
   799    7.074           0.000        2020.281        2003.344        1994.875;
   800    7.083           0.000        2185.406        2175.906        2171.000;
   801    7.092           0.000        2339.469        2322.063        2312.844;
   802    7.101           0.000        2481.219        2471.719        2467.094;
   803    7.110           0.000        2610.844        2592.281        2581.125;
   804    7.119           0.000        2726.719        2714.688        2707.625;
   805    7.128           0.000        2827.781        2813.906        2806.031;
   806    7.136           0.000        2915.063        2900.094        2890.813;
   807    7.145           0.000        2988.906        2974.719        2965.875;
   808    7.154           0.000        3046.906        3033.031        3024.375;
   809    7.163           0.000        3088.125        3076.313        3069.063;
   810    7.172           0.000        3112.031        3100.719        3094.250;
   811    7.181           0.000        3119.000        3109.469        3103.469;
   812    7.190           0.000        3109.875        3102.219        3097.969;
   813    7.198           0.000        3082.469        3077.344        3074.406;
   814    7.207           0.000        3038.625        3036.281        3035.000;
   815    7.216           0.000        2979.219        2977.219        2976.438;
   816    7.225           0.000        2905.781        2905.375        2906.344;
   817    7.234           0.000        2820.156        2822.250        2824.688;
   818    7.243           0.000        2722.344        2725.344        2727.844;
   819    7.252           0.000        2611.594        2615.125        2618.688;
   820    7.260           0.000        2488.938        2493.063        2497.625;
   821    7.269           0.000        2356.375        2363.281        2369.906;
   822    7.278           0.000        2213.281        2221.000        2228.000;
   823    7.287           0.000        2060.906        2067.938        2075.344;
   824    7.296           0.000        1900.031        1910.781        1920.344;
   825    7.305           0.000        1731.469        1739.219        1747.375;
   826    7.314           0.000        1555.625        1566.844        1576.906;
   827    7.322           0.000        1374.156        1383.281        1392.344;
   828    7.331           0.000        1187.469        1198.531        1208.375;
   829    7.340           0.000         996.094        1009.531        1021.250;
   830    7.349           0.000         801.750         812.906         820.500;
   831    7.358           0.000         605.688         622.688         634.281;
   832    7.367           0.000         408.656         417.531         424.563;
   833    7.376           0.000         210.531         227.750         240.500;
   834    7.384           0.000          13.250          22.000          29.500;
   835    7.393           0.000        -183.156        -164.313        -150.781;
   836    7.402           0.000        -376.781        -367.250        -360.250;
   837    7.411           0.000        -566.719        -545.844        -530.656;
   838    7.420           0.000        -751.625        -742.469        -734.125;
   839    7.429           0.000        -931.813        -910.188        -894.219;
   840    7.438           0.000       -1105.969       -1098.188       -1091.813;
   841    7.446           0.000       -1273.625       -1252.250       -1236.625;
   842    7.455           0.000       -1433.156       -1425.656       -1418.938;
   843    7.464           0.000       -1584.250       -1564.406       -1550.656;
   844    7.473           0.000       -1726.281       -1711.188       -1699.469;
   845    7.482           0.000       -1857.906       -1848.000       -1840.313;
   846    7.491           0.000       -1979.094       -1957.938       -1943.563;
   847    7.499           0.000       -2088.906       -2077.281       -2068.813;
   848    7.508           0.000       -2187.188       -2173.000       -2163.781;
   849    7.517           0.000       -2271.906       -2259.344       -2250.875;
   850    7.526           0.000       -2343.469       -2329.500       -2319.656;
   851    7.535           0.000       -2402.031       -2388.813       -2379.094;
   852    7.544           0.000       -2448.219       -2435.625       -2426.281;
   853    7.553           0.000       -2482.438       -2471.281       -2462.594;
   854    7.561           0.000       -2504.250       -2493.813       -2485.969;
   855    7.570           0.000       -2513.063       -2504.219       -2497.469;
   856    7.579           0.000       -2510.969       -2503.000       -2497.000;
   857    7.588           0.000       -2494.000       -2490.281       -2486.438;
   858    7.597           0.000       -2465.094       -2463.313       -2460.594;
   859    7.606           0.000       -2425.094       -2426.313       -2425.594;
   860    7.615           0.000       -2374.563       -2376.281       -2376.313;
   861    7.623           0.000       -2312.781       -2317.750       -2320.219;
   862    7.632           0.000       -2239.250       -2246.031       -2250.219;
   863    7.641           0.000       -2154.188       -2162.531       -2167.188;
   864    7.650           0.000       -2058.156       -2065.938       -2069.719;
   865    7.659           0.000       -1953.094       -1960.500       -1965.156;
   866    7.668           0.000       -1839.750       -1848.656       -1854.094;
   867    7.677           0.000       -1716.719       -1726.438       -1731.188;
   868    7.685           0.000       -1585.406       -1594.469       -1599.156;
   869    7.694           0.000       -1447.344       -1456.531       -1461.219;
   870    7.703           0.000       -1302.563       -1316.688       -1323.094;
   871    7.712           0.000       -1152.594       -1163.531       -1168.344;
   872    7.721           0.000        -998.406       -1010.313       -1016.156;
   873    7.730           0.000        -840.125        -853.656        -860.219;
   874    7.739           0.000        -678.313        -687.219        -692.531;
   875    7.747           0.000        -512.781        -525.844        -532.688;
   876    7.756           0.000        -345.500        -355.625        -360.875;
   877    7.765           0.000        -176.656        -187.531        -192.906;
   878    7.774           0.000          -7.688         -19.438         -26.000;
   879    7.783           0.000         160.094         152.750         148.125;
   880    7.792           0.000         327.375         311.594         303.188;
   881    7.801           0.000         491.531         484.531         481.438;
   882    7.809           0.000         652.938         636.719         628.625;
   883    7.818           0.000         810.344         799.063         794.188;
   884    7.827           0.000         964.156         952.156         947.219;
   885    7.836           0.000        1112.656        1095.625        1088.063;
   886    7.845           0.000        1254.563        1244.125        1241.563;
   887    7.854           0.000        1389.250        1372.375        1365.438;
   888    7.863           0.000        1516.656        1502.375        1497.813;
   889    7.871           0.000        1636.656        1622.344        1617.750;
   890    7.880           0.000        1748.031        1733.625        1728.813;
   891    7.889           0.000        1850.156        1834.594        1828.344;
   892    7.898           0.000        1942.281        1928.656        1923.656;
   893    7.907           0.000        2024.438        2014.125        2009.813;
   894    7.916           0.000        2097.625        2086.906        2082.469;
   895    7.924           0.000        2160.625        2149.188        2144.156;
   896    7.933           0.000        2212.375        2201.500        2196.719;
   897    7.942           0.000        2252.094        2242.344        2237.938;
   898    7.951           0.000        2279.625        2270.188        2266.188;
   899    7.960           0.000        2295.156        2286.906        2283.594;
   900    7.969           0.000        2299.688        2291.469        2288.469;
   901    7.978           0.000        2292.875        2287.438        2285.844;
   902    7.986           0.000        2273.469        2270.188        2269.625]
