 Sample   Time     Commanded Pos   Encoder 1 Pos   Encoder 2 Pos   Encoder 3 Pos 

[    0    0.000       10666.656           0.000           0.000           0.000;
     1    0.009       10666.656           6.156           1.813           0.000;
     2    0.018       10666.656          31.219          21.844          16.813;
     3    0.027       10666.656          75.000          61.594          53.750;
     4    0.035       10666.656         136.188         120.656         111.344;
     5    0.044       10666.656         214.531         196.875         186.188;
     6    0.053       10666.656         308.406         290.781         279.938;
     7    0.062       10666.656         416.500         400.219         391.219;
     8    0.071       10666.656         540.000         520.094         508.500;
     9    0.080       10666.656         679.156         658.156         645.219;
    10    0.089       10666.656         833.156         815.219         806.094;
    11    0.097       10666.656        1001.844         978.625         965.656;
    12    0.106       10666.656        1185.406        1162.000        1149.844;
    13    0.115       10666.656        1382.688        1360.875        1349.906;
    14    0.124       10666.656        1593.563        1565.031        1552.188;
    15    0.133       10666.656        1817.813        1800.719        1794.438;
    16    0.142       10666.656        2055.000        2026.250        2014.281;
    17    0.151       10666.656        2304.406        2288.656        2285.031;
    18    0.159       10666.656        2566.688        2540.813        2531.063;
    19    0.168       10666.656        2840.125        2817.750        2811.813;
    20    0.177       10666.656        3124.531        3099.625        3092.281;
    21    0.186       10666.656        3420.094        3399.906        3393.594;
    22    0.195       10666.656        3725.406        3703.469        3696.375;
    23    0.204       10666.656        4040.844        4017.969        4010.844;
    24    0.213       10666.656        4366.188        4344.625        4337.563;
    25    0.221       10666.656        4700.000        4679.906        4673.969;
    26    0.230       10666.656        5041.313        5022.969        5017.844;
    27    0.239       10666.656        5390.563        5370.188        5364.969;
    28    0.248       10666.656        5748.688        5730.188        5726.188;
    29    0.257       10666.656        6111.563        6089.250        6082.969;
    30    0.266       10666.656        6477.750        6460.125        6454.719;
    31    0.274       10666.656        6852.000        6833.188        6827.750;
    32    0.283       10666.656        7230.688        7213.594        7209.344;
    33    0.292       10666.656        7612.875        7597.250        7593.719;
    34    0.301       10666.656        7998.250        7980.281        7976.313;
    35    0.310       10666.656        8389.250        8375.063        8373.781;
    36    0.319       10666.656        8780.594        8764.813        8762.781;
    37    0.328       10666.656        9172.594        9157.594        9154.656;
    38    0.336       10666.656        9566.813        9553.813        9553.094;
    39    0.345       10666.656        9961.313        9943.031        9938.563;
    40    0.354       10666.656       10355.844       10338.219       10333.844;
    41    0.363       10666.656       10748.375       10729.219       10723.938;
    42    0.372       10666.656       11140.125       11121.781       11116.563;
    43    0.381       10666.656       11529.906       11508.719       11502.000;
    44    0.390       10666.656       11916.469       11896.031       11889.000;
    45    0.398       10666.656       12300.625       12276.938       12269.094;
    46    0.407       10666.656       12680.875       12656.594       12647.750;
    47    0.416       10666.656       13056.469       13032.031       13022.125;
    48    0.425       10666.656       13426.344       13400.031       13388.406;
    49    0.434       10666.656       13789.375       13768.156       13759.406;
    50    0.443       10666.656       14146.938       14120.156       14108.469;
    51    0.452       10666.656       14497.344       14470.250       14460.563;
    52    0.460       10666.656       14840.000       14814.344       14806.063;
    53    0.469       10666.656       15174.531       15146.563       15136.219;
    54    0.478       10666.656       15501.281       15477.063       15469.156;
    55    0.487       10666.656       15817.250       15790.531       15780.656;
    56    0.496       10666.656       16124.531       16100.625       16091.156;
    57    0.505       10666.656       16421.469       16391.219       16375.750;
    58    0.514       10666.656       16706.938       16680.875       16666.969;
    59    0.522       10666.656       16980.750       16953.906       16939.875;
    60    0.531       10666.656       17242.813       17213.406       17199.500;
    61    0.540       10666.656       17492.531       17464.656       17450.344;
    62    0.549       10666.656       17730.219       17706.594       17694.125;
    63    0.558       10666.656       17954.844       17927.875       17912.188;
    64    0.567       10666.656       18166.156       18146.281       18134.469;
    65    0.576       10666.656       18363.750       18339.719       18326.938;
    66    0.584       10666.656       18547.219       18528.469       18517.781;
    67    0.593       10666.656       18716.281       18690.531       18675.313;
    68    0.602       10666.656       18870.719       18853.031       18842.031;
    69    0.611       10666.656       19010.125       18987.813       18973.875;
    70    0.620       10666.656       19134.875       19111.250       19096.906;
    71    0.629       10666.656       19244.625       19230.344       19221.688;
    72    0.638       10666.656       19338.625       19317.094       19303.156;
    73    0.646       10666.656       19417.500       19398.969       19387.563;
    74    0.655       10666.656       19482.531       19462.250       19450.813;
    75    0.664       10666.656       19533.094       19515.813       19507.281;
    76    0.673       10666.656       19567.938       19552.156       19544.250;
    77    0.682       10666.656       19586.594       19572.500       19565.594;
    78    0.691       10666.656       19590.469       19577.469       19571.469;
    79    0.699       10666.656       19577.531       19567.844       19563.938;
    80    0.708       10666.656       19548.563       19541.344       19539.000;
    81    0.717       10666.656       19504.750       19500.688       19500.344;
    82    0.726       10666.656       19447.250       19443.906       19443.656;
    83    0.735       10666.656       19377.344       19376.906       19377.563;
    84    0.744       10666.656       19294.813       19297.000       19299.563;
    85    0.753       10666.656       19199.156       19202.031       19205.906;
    86    0.761       10666.656       19090.594       19093.563       19097.750;
    87    0.770       10666.656       18969.500       18969.875       18973.000;
    88    0.779       10666.656       18836.031       18841.500       18847.063;
    89    0.788       10666.656       18690.313       18693.313       18696.656;
    90    0.797       10666.656       18531.063       18533.969       18538.094;
    91    0.806       10666.656       18361.031       18369.313       18376.656;
    92    0.815       10666.656       18178.438       18182.625       18188.219;
    93    0.823       10666.656       17985.156       17993.906       18002.656;
    94    0.832       10666.656       17781.250       17784.813       17790.594;
    95    0.841       10666.656       17568.344       17574.531       17582.813;
    96    0.850       10666.656       17345.125       17348.031       17354.813;
    97    0.859       10666.656       17112.719       17118.563       17126.938;
    98    0.868       10666.656       16870.500       16873.469       16880.000;
    99    0.877       10666.656       16620.125       16624.844       16630.750;
   100    0.885       10666.656       16361.344       16367.969       16376.813;
   101    0.894       10666.656       16094.219       16099.563       16107.594;
   102    0.903       10666.656       15820.313       15827.781       15837.844;
   103    0.912       10666.656       15539.594       15546.875       15557.156;
   104    0.921       10666.656       15252.563       15259.656       15270.156;
   105    0.930       10666.656       14959.125       14968.781       14978.531;
   106    0.939       10666.656       14661.969       14672.969       14685.031;
   107    0.947       10666.656       14359.844       14366.156       14376.094;
   108    0.956       10666.656       14053.063       14064.438       14077.031;
   109    0.965       10666.656       13742.813       13752.031       13764.094;
   110    0.974       10666.656       13430.094       13441.281       13456.375;
   111    0.983       10666.656       13114.313       13121.438       13135.781;
   112    0.992       10666.656       12796.281       12808.063       12824.438;
   113    1.001       10666.656       12476.438       12485.750       12500.313;
   114    1.009       10666.656       12156.625       12168.063       12182.531;
   115    1.018       10666.656       11836.188       11850.156       11866.969;
   116    1.027       10666.656       11516.438       11527.219       11544.594;
   117    1.036       10666.656       11197.313       11210.969       11231.156;
   118    1.045       10666.656       10878.531       10891.844       10909.781;
   119    1.054       10666.656       10562.219       10579.938       10599.500;
   120    1.063       10666.656       10247.281       10261.906       10277.906;
   121    1.071       10666.656        9934.281        9950.906        9969.688;
   122    1.080       10666.656        9624.438        9639.594        9658.188;
   123    1.089       10666.656        9318.063        9337.594        9359.719;
   124    1.098       10666.656        9016.938        9036.094        9058.500;
   125    1.107       10666.656        8719.625        8739.438        8762.094;
   126    1.116       10666.656        8428.000        8448.969        8470.875;
   127    1.124       10666.656        8140.625        8162.500        8185.094;
   128    1.133       10666.656        7860.500        7883.531        7907.375;
   129    1.142       10666.656        7586.875        7606.625        7627.469;
   130    1.151       10666.656        7320.625        7342.125        7363.344;
   131    1.160       10666.656        7059.969        7082.844        7105.969;
   132    1.169       10666.656        6808.438        6828.625        6849.656;
   133    1.178       10666.656        6565.500        6587.344        6608.781;
   134    1.186       10666.656        6331.250        6354.000        6377.750;
   135    1.195       10666.656        6105.781        6124.313        6144.094;
   136    1.204       10666.656        5889.000        5911.250        5934.156;
   137    1.213       10666.656        5681.594        5699.656        5718.719;
   138    1.222       10666.656        5484.094        5509.281        5533.781;
   139    1.231       10666.656        5296.875        5313.156        5330.219;
   140    1.240       10666.656        5119.781        5146.719        5170.594;
   141    1.248       10666.656        4954.594        4970.063        4986.406;
   142    1.257       10666.656        4801.156        4824.156        4845.656;
   143    1.266       10666.656        4657.531        4676.844        4695.594;
   144    1.275       10666.656        4525.594        4541.625        4557.938;
   145    1.284       10666.656        4405.813        4429.438        4450.188;
   146    1.293       10666.656        4298.031        4313.375        4329.281;
   147    1.302       10666.656        4201.844        4219.313        4236.375;
   148    1.310       10666.656        4117.719        4134.750        4150.625;
   149    1.319       10666.656        4047.125        4064.750        4081.469;
   150    1.328       10666.656        3990.031        4006.188        4023.094;
   151    1.337       10666.656        3945.781        3960.500        3976.406;
   152    1.346       10666.656        3914.188        3927.969        3943.219;
   153    1.355       10666.656        3894.719        3907.094        3921.500;
   154    1.364       10666.656        3886.500        3898.156        3911.938;
   155    1.372       10666.656        3887.625        3897.500        3910.500;
   156    1.381       10666.656        3901.313        3908.031        3919.125;
   157    1.390       10666.656        3925.531        3930.500        3940.563;
   158    1.399       10666.656        3960.719        3962.375        3970.250;
   159    1.408       10666.656        4007.688        4008.156        4014.875;
   160    1.417       10666.656        4066.000        4064.938        4069.875;
   161    1.426       10666.656        4136.031        4132.813        4135.750;
   162    1.434       10666.656        4217.313        4212.844        4215.094;
   163    1.443       10666.656        4308.781        4304.688        4307.438;
   164    1.452       10666.656        4409.313        4405.500        4407.938;
   165    1.461       10666.656        4519.906        4513.906        4515.938;
   166    1.470       10666.656        4639.813        4633.156        4635.438;
   167    1.479       10666.656        4768.469        4762.031        4764.344;
   168    1.488       10666.656        4905.656        4900.094        4901.750;
   169    1.496       10666.656        5052.188        5043.563        5044.594;
   170    1.505       10666.656        5207.000        5199.531        5201.344;
   171    1.514       10666.656        5369.156        5362.125        5364.156;
   172    1.523       10666.656        5540.438        5530.813        5532.000;
   173    1.532       10666.656        5719.406        5713.000        5715.219;
   174    1.541       10666.656        5905.188        5892.000        5892.344;
   175    1.549       10666.656        6096.594        6087.750        6090.031;
   176    1.558       10666.656        6293.563        6283.938        6285.125;
   177    1.567       10666.656        6497.000        6486.375        6485.563;
   178    1.576       10666.656        6707.531        6699.844        6701.938;
   179    1.585       10666.656        6923.750        6910.719        6909.719;
   180    1.594       10666.656        7144.719        7136.844        7139.750;
   181    1.603       10666.656        7370.563        7360.188        7360.313;
   182    1.611       10666.656        7600.719        7591.313        7592.688;
   183    1.620       10666.656        7834.531        7822.781        7822.625;
   184    1.629       10666.656        8072.250        8059.563        8060.281;
   185    1.638       10666.656        8314.750        8301.656        8302.500;
   186    1.647       10666.656        8558.250        8546.219        8548.031;
   187    1.656       10666.656        8803.844        8789.844        8789.750;
   188    1.665       10666.656        9051.344        9039.031        9039.531;
   189    1.673       10666.656        9300.375        9289.594        9291.906;
   190    1.682       10666.656        9552.188        9538.469        9538.781;
   191    1.691       10666.656        9804.625        9792.281        9791.219;
   192    1.700       10666.656       10056.844       10040.750       10037.875;
   193    1.709       10666.656       10308.844       10292.250       10289.094;
   194    1.718       10666.656       10559.719       10543.906       10542.375;
   195    1.727       10666.656       10809.500       10790.000       10787.344;
   196    1.735       10666.656       11057.344       11041.656       11039.500;
   197    1.744       10666.656       11304.781       11284.125       11280.969;
   198    1.753       10666.656       11548.750       11528.719       11524.469;
   199    1.762       10666.656       11790.406       11772.875       11767.750;
   200    1.771       10666.656       12030.250       12008.719       12001.906;
   201    1.780       10666.656       12266.688       12246.063       12239.719;
   202    1.789       10666.656       12500.063       12477.625       12471.813;
   203    1.797       10666.656       12728.844       12705.281       12697.781;
   204    1.806       10666.656       12953.625       12933.813       12925.719;
   205    1.815       10666.656       13173.094       13148.781       13138.344;
   206    1.824       10666.656       13387.969       13367.563       13358.313;
   207    1.833       10666.656       13595.938       13572.625       13563.688;
   208    1.842       10666.656       13798.094       13780.594       13773.375;
   209    1.851       10666.656       13994.688       13970.000       13958.563;
   210    1.859       10666.656       14184.719       14166.531       14158.406;
   211    1.868       10666.656       14367.688       14339.344       14327.094;
   212    1.877       10666.656       14543.844       14527.313       14521.469;
   213    1.886       10666.656       14712.563       14684.031       14672.094;
   214    1.895       10666.656       14873.375       14856.563       14852.906;
   215    1.904       10666.656       15027.063       15000.031       14989.313;
   216    1.913       10666.656       15172.625       15151.719       15145.406;
   217    1.921       10666.656       15310.188       15290.938       15285.469;
   218    1.930       10666.656       15439.094       15411.781       15401.500;
   219    1.939       10666.656       15559.563       15541.344       15537.063;
   220    1.948       10666.656       15670.500       15648.094       15640.719;
   221    1.957       10666.656       15772.156       15750.719       15743.500;
   222    1.966       10666.656       15864.281       15842.250       15834.500;
   223    1.974       10666.656       15947.313       15927.313       15920.688;
   224    1.983       10666.656       16021.375       16003.781       15997.813;
   225    1.992       10666.656       16085.531       16065.313       16057.656;
   226    2.001       10666.656       16138.969       16119.281       16111.406;
   227    2.010       10666.656       16181.531       16161.563       16153.406;
   228    2.019       10666.656       16213.906       16194.563       16186.469;
   229    2.028       10666.656       16236.438       16217.375       16209.594;
   230    2.036       10666.656       16249.000       16231.375       16224.000;
   231    2.045       10666.656       16252.469       16235.469       16228.938;
   232    2.054       10666.656       16247.188       16232.656       16227.031;
   233    2.063       10666.656       16231.125       16218.813       16215.000;
   234    2.072       10666.656       16205.969       16195.813       16193.313;
   235    2.081       10666.656       16171.594       16164.000       16163.469;
   236    2.090       10666.656       16128.094       16122.219       16123.188;
   237    2.098       10666.656       16075.313       16072.188       16074.750;
   238    2.107       10666.656       16013.625       16012.281       16016.406;
   239    2.116       10666.656       15943.531       15942.938       15947.781;
   240    2.125       10666.656       15865.938       15864.031       15868.000;
   241    2.134       10666.656       15781.094       15780.219       15785.344;
   242    2.143       10666.656       15688.656       15689.031       15695.406;
   243    2.152       10666.656       15588.313       15589.750       15596.656;
   244    2.160       10666.656       15480.938       15481.594       15487.219;
   245    2.169       10666.656       15366.906       15367.125       15372.813;
   246    2.178       10666.656       15247.094       15251.094       15259.063;
   247    2.187       10666.656       15120.969       15122.000       15128.094;
   248    2.196       10666.656       14989.625       14993.406       15000.719;
   249    2.205       10666.656       14853.344       14857.531       14865.219;
   250    2.214       10666.656       14711.625       14717.188       14725.375;
   251    2.222       10666.656       14564.938       14565.406       14571.188;
   252    2.231       10666.656       14413.156       14418.125       14426.531;
   253    2.240       10666.656       14256.781       14259.406       14265.938;
   254    2.249       10666.656       14095.625       14101.625       14109.719;
   255    2.258       10666.656       13931.094       13937.813       13947.813;
   256    2.267       10666.656       13762.531       13763.531       13771.344;
   257    2.276       10666.656       13591.125       13599.688       13612.469;
   258    2.284       10666.656       13416.188       13417.375       13426.656;
   259    2.293       10666.656       13238.031       13242.438       13254.188;
   260    2.302       10666.656       13056.688       13063.906       13076.063;
   261    2.311       10666.656       12872.969       12876.219       12886.531;
   262    2.320       10666.656       12686.563       12697.938       12712.563;
   263    2.329       10666.656       12499.000       12499.563       12508.438;
   264    2.338       10666.656       12310.344       12322.688       12339.188;
   265    2.346       10666.656       12121.250       12122.906       12132.563;
   266    2.355       10666.656       11931.625       11945.281       11962.688;
   267    2.364       10666.656       11741.500       11745.656       11758.406;
   268    2.373       10666.656       11552.031       11563.344       11582.188;
   269    2.382       10666.656       11362.406       11371.281       11387.469;
   270    2.391       10666.656       11173.906       11182.344       11199.531;
   271    2.399       10666.656       10985.844       10999.875       11018.500;
   272    2.408       10666.656       10799.219       10806.594       10822.656;
   273    2.417       10666.656       10614.219       10630.688       10651.500;
   274    2.426       10666.656       10430.063       10434.750       10449.906;
   275    2.435       10666.656       10247.594       10265.313       10287.375;
   276    2.444       10666.656       10066.500       10070.750       10085.000;
   277    2.453       10666.656        9887.906        9905.156        9927.125;
   278    2.461       10666.656        9712.281        9719.969        9735.500;
   279    2.470       10666.656        9539.750        9555.000        9576.625;
   280    2.479       10666.656        9370.594        9383.781        9404.188;
   281    2.488       10666.656        9206.250        9219.625        9241.188;
   282    2.497       10666.656        9046.000        9063.406        9087.531;
   283    2.506       10666.656        8889.938        8899.563        8918.938;
   284    2.515       10666.656        8738.563        8760.219        8786.938;
   285    2.523       10666.656        8592.375        8602.531        8621.906;
   286    2.532       10666.656        8451.313        8470.344        8494.313;
   287    2.541       10666.656        8315.531        8332.375        8355.313;
   288    2.550       10666.656        8184.375        8198.969        8219.969;
   289    2.559       10666.656        8059.188        8077.688        8100.844;
   290    2.568       10666.656        7940.531        7958.688        7981.625;
   291    2.577       10666.656        7827.969        7843.563        7864.813;
   292    2.585       10666.656        7721.094        7735.563        7755.719;
   293    2.594       10666.656        7620.344        7639.406        7662.563;
   294    2.603       10666.656        7526.625        7541.813        7562.813;
   295    2.612       10666.656        7439.500        7453.281        7473.125;
   296    2.621       10666.656        7358.594        7372.969        7393.125;
   297    2.630       10666.656        7284.094        7300.281        7321.469;
   298    2.639       10666.656        7216.875        7233.594        7255.344;
   299    2.647       10666.656        7157.000        7172.781        7194.156;
   300    2.656       10666.656        7104.688        7118.719        7138.781;
   301    2.665       10666.656        7059.844        7073.563        7093.344;
   302    2.674       10666.656        7022.500        7035.594        7054.375;
   303    2.683       10666.656        6992.188        7005.125        7023.313;
   304    2.692       10666.656        6968.719        6981.875        6999.969;
   305    2.701       10666.656        6951.906        6965.031        6983.063;
   306    2.709       10666.656        6942.063        6954.938        6972.750;
   307    2.718       10666.656        6938.500        6951.500        6968.719;
   308    2.727       10666.656        6940.906        6951.500        6968.500;
   309    2.736       10666.656        6951.531        6959.906        6975.125;
   310    2.745       10666.656        6968.469        6974.656        6988.656;
   311    2.754       10666.656        6991.344        6995.094        7007.875;
   312    2.763       10666.656        7019.938        7021.625        7033.250;
   313    2.771       10666.656        7054.156        7054.594        7065.688;
   314    2.780       10666.656        7094.375        7094.469        7105.531;
   315    2.789       10666.656        7140.438        7138.875        7149.125;
   316    2.798       10666.656        7192.281        7190.469        7200.094;
   317    2.807       10666.656        7249.594        7247.844        7257.281;
   318    2.816       10666.656        7312.469        7309.125        7316.813;
   319    2.824       10666.656        7380.656        7376.563        7384.094;
   320    2.833       10666.656        7453.469        7448.844        7456.375;
   321    2.842       10666.656        7530.750        7525.563        7533.031;
   322    2.851       10666.656        7612.688        7608.219        7616.063;
   323    2.860       10666.656        7699.469        7694.281        7700.969;
   324    2.869       10666.656        7791.031        7784.031        7790.438;
   325    2.878       10666.656        7886.188        7879.219        7885.719;
   326    2.886       10666.656        7984.688        7978.625        7985.844;
   327    2.895       10666.656        8087.313        8081.344        8088.250;
   328    2.904       10666.656        8194.875        8188.000        8195.000;
   329    2.913       10666.656        8305.750        8297.313        8304.313;
   330    2.922       10666.656        8419.063        8411.313        8418.250;
   331    2.931       10666.656        8534.594        8526.313        8533.281;
   332    2.940       10666.656        8652.531        8643.000        8649.656;
   333    2.948       10666.656        8773.719        8764.625        8771.313;
   334    2.957       10666.656        8896.781        8887.781        8894.719;
   335    2.966       10666.656        9021.938        9011.813        9018.000;
   336    2.975       10666.656        9150.063        9140.375        9147.094;
   337    2.984       10666.656        9280.125        9273.219        9280.719;
   338    2.993       10666.656        9411.750        9402.063        9406.813;
   339    3.002       10666.656        9545.031        9536.875        9542.938;
   340    3.010       10666.656        9680.094        9671.406        9676.906;
   341    3.019       10666.656        9815.250        9803.719        9806.031;
   342    3.028       10666.656        9951.469        9941.875        9945.469;
   343    3.037       10666.656       10087.375       10075.969       10078.313;
   344    3.046       10666.656       10223.094       10210.281       10210.938;
   345    3.055       10666.656       10358.281       10346.938       10349.469;
   346    3.064       10666.656       10492.625       10480.813       10483.875;
   347    3.072       10666.656       10626.281       10612.188       10612.688;
   348    3.081       10666.656       10759.031       10745.781       10748.000;
   349    3.090       10666.656       10890.250       10878.156       10880.844;
   350    3.099       10666.656       11019.969       11003.969       11003.781;
   351    3.108       10666.656       11148.500       11134.375       11135.406;
   352    3.117       10666.656       11275.938       11261.219       11262.344;
   353    3.126       10666.656       11400.781       11383.344       11381.313;
   354    3.134       10666.656       11523.688       11507.563       11506.375;
   355    3.143       10666.656       11644.563       11630.250       11629.719;
   356    3.152       10666.656       11763.000       11746.594       11743.750;
   357    3.161       10666.656       11879.344       11862.625       11858.844;
   358    3.170       10666.656       11993.563       11978.313       11975.969;
   359    3.179       10666.656       12105.250       12088.656       12085.500;
   360    3.188       10666.656       12213.781       12194.063       12189.063;
   361    3.196       10666.656       12319.188       12300.500       12297.469;
   362    3.205       10666.656       12421.500       12403.750       12401.813;
   363    3.214       10666.656       12520.469       12502.313       12498.531;
   364    3.223       10666.656       12615.281       12594.438       12589.281;
   365    3.232       10666.656       12706.063       12686.688       12682.406;
   366    3.241       10666.656       12793.156       12775.281       12771.500;
   367    3.249       10666.656       12876.656       12859.469       12855.094;
   368    3.258       10666.656       12955.219       12935.781       12929.469;
   369    3.267       10666.656       13028.844       13009.531       13003.156;
   370    3.276       10666.656       13097.594       13077.813       13071.688;
   371    3.285       10666.656       13161.313       13143.375       13138.188;
   372    3.294       10666.656       13220.469       13203.156       13198.344;
   373    3.303       10666.656       13274.875       13256.531       13250.625;
   374    3.311       10666.656       13324.500       13305.625       13298.969;
   375    3.320       10666.656       13368.781       13350.219       13343.500;
   376    3.329       10666.656       13407.531       13388.906       13382.219;
   377    3.338       10666.656       13440.375       13422.469       13416.500;
   378    3.347       10666.656       13467.375       13449.875       13444.594;
   379    3.356       10666.656       13488.469       13471.688       13466.969;
   380    3.365       10666.656       13504.188       13487.750       13483.531;
   381    3.373       10666.656       13514.313       13498.781       13495.156;
   382    3.382       10666.656       13519.469       13504.250       13501.000;
   383    3.391       10666.656       13520.469       13505.469       13502.469;
   384    3.400       10666.656       13515.188       13502.969       13501.000;
   385    3.409       10666.656       13504.719       13493.688       13492.688;
   386    3.418       10666.656       13489.281       13479.406       13478.938;
   387    3.427       10666.656       13469.125       13460.656       13461.219;
   388    3.435       10666.656       13444.188       13436.875       13438.188;
   389    3.444       10666.656       13414.500       13408.438       13410.313;
   390    3.453       10666.656       13380.375       13375.313       13378.188;
   391    3.462       10666.656       13341.875       13337.906       13342.063;
   392    3.471       10666.656       13299.313       13296.719       13302.125;
   393    3.480       10666.656       13253.313       13251.375       13257.781;
   394    3.489       10666.656       13203.813       13202.188       13208.938;
   395    3.497       10666.656       13151.188       13149.781       13156.719;
   396    3.506       10666.656       13095.250       13094.156       13100.719;
   397    3.515       10666.656       13036.031       13034.844       13040.844;
   398    3.524       10666.656       12973.531       12974.125       12980.938;
   399    3.533       10666.656       12907.656       12909.844       12918.031;
   400    3.542       10666.656       12839.000       12841.500       12849.938;
   401    3.551       10666.656       12767.781       12769.938       12778.125;
   402    3.559       10666.656       12694.531       12696.500       12703.906;
   403    3.568       10666.656       12619.781       12621.094       12628.750;
   404    3.577       10666.656       12542.969       12545.813       12554.406;
   405    3.586       10666.656       12464.313       12466.438       12474.719;
   406    3.595       10666.656       12383.969       12386.781       12395.625;
   407    3.604       10666.656       12302.625       12304.844       12313.656;
   408    3.613       10666.656       12220.125       12221.625       12229.938;
   409    3.621       10666.656       12136.469       12139.938       12148.906;
   410    3.630       10666.656       12052.094       12056.469       12065.969;
   411    3.639       10666.656       11966.750       11971.188       11980.875;
   412    3.648       10666.656       11880.688       11884.375       11894.063;
   413    3.657       10666.656       11794.281       11798.219       11807.906;
   414    3.666       10666.656       11707.594       11712.156       11722.875;
   415    3.674       10666.656       11620.688       11625.813       11638.250;
   416    3.683       10666.656       11533.563       11538.125       11550.500;
   417    3.692       10666.656       11446.313       11451.469       11463.500;
   418    3.701       10666.656       11359.500       11364.281       11375.594;
   419    3.710       10666.656       11273.375       11279.000       11291.500;
   420    3.719       10666.656       11187.625       11194.469       11208.344;
   421    3.728       10666.656       11102.500       11108.531       11120.969;
   422    3.736       10666.656       11018.188       11025.250       11037.625;
   423    3.745       10666.656       10934.781       10941.469       10953.625;
   424    3.754       10666.656       10852.125       10860.438       10873.969;
   425    3.763       10666.656       10770.500       10778.313       10791.938;
   426    3.772       10666.656       10690.219       10697.594       10711.125;
   427    3.781       10666.656       10610.594       10617.750       10630.813;
   428    3.790       10666.656       10531.875       10538.219       10551.000;
   429    3.798       10666.656       10454.031       10462.094       10476.719;
   430    3.807       10666.656       10377.438       10385.500       10399.719;
   431    3.816       10666.656       10302.156       10310.031       10323.938;
   432    3.825       10666.656       10228.500       10235.906       10249.406;
   433    3.834       10666.656       10156.156       10162.719       10175.500;
   434    3.843       10666.656       10085.313       10092.719       10106.750;
   435    3.852       10666.656       10016.344       10024.906       10039.563;
   436    3.860       10666.656        9949.844        9958.656        9973.406;
   437    3.869       10666.656        9886.031        9894.406        9909.250;
   438    3.878       10666.656        9824.563        9832.781        9847.500;
   439    3.887       10666.656        9765.438        9772.969        9787.344;
   440    3.896       10666.656        9709.156        9716.625        9731.313;
   441    3.905       10666.656        9655.625        9664.563        9680.094;
   442    3.914       10666.656        9604.969        9614.469        9630.719;
   443    3.922       10666.656        9557.344        9567.250        9583.750;
   444    3.931       10666.656        9512.969        9522.469        9539.125;
   445    3.940       10666.656        9472.094        9481.438        9498.063;
   446    3.949       10666.656        9434.938        9443.781        9460.219;
   447    3.958       10666.656        9401.781        9410.375        9426.813;
   448    3.967       10666.656        9372.500        9381.219        9398.063;
   449    3.976       10666.656        9346.844        9355.688        9372.406;
   450    3.984       10666.656        9325.125        9334.406        9351.531;
   451    3.993       10666.656        9306.938        9315.969        9333.250;
   452    4.002           0.000        9292.500        9301.781        9319.219;
   453    4.011           0.000        9274.281        9287.344        9306.406;
   454    4.020           0.000        9244.281        9257.500        9277.094;
   455    4.029           0.000        9201.250        9215.813        9236.000;
   456    4.038           0.000        9146.125        9160.875        9181.594;
   457    4.046           0.000        9078.156        9092.469        9113.000;
   458    4.055           0.000        8996.625        9010.969        9031.500;
   459    4.064           0.000        8900.750        8915.813        8936.594;
   460    4.073           0.000        8791.688        8809.500        8832.250;
   461    4.082           0.000        8670.906        8688.156        8710.469;
   462    4.091           0.000        8538.313        8553.969        8575.219;
   463    4.099           0.000        8392.844        8413.375        8437.594;
   464    4.108           0.000        8235.844        8254.813        8277.969;
   465    4.117           0.000        8066.813        8086.156        8107.563;
   466    4.126           0.000        7886.469        7911.188        7936.938;
   467    4.135           0.000        7695.344        7710.938        7730.531;
   468    4.144           0.000        7492.594        7519.781        7546.906;
   469    4.153           0.000        7279.344        7294.719        7313.938;
   470    4.161           0.000        7055.375        7084.031        7112.156;
   471    4.170           0.000        6823.094        6840.344        6860.188;
   472    4.179           0.000        6581.594        6608.438        6634.688;
   473    4.188           0.000        6331.563        6353.844        6378.469;
   474    4.197           0.000        6072.438        6094.781        6118.125;
   475    4.206           0.000        5805.344        5829.125        5854.188;
   476    4.215           0.000        5530.375        5554.094        5579.469;
   477    4.223           0.000        5248.094        5272.406        5296.844;
   478    4.232           0.000        4959.813        4984.156        5006.563;
   479    4.241           0.000        4665.688        4691.594        4716.594;
   480    4.250           0.000        4365.844        4388.500        4410.500;
   481    4.259           0.000        4060.906        4085.469        4108.000;
   482    4.268           0.000        3750.969        3772.313        3793.375;
   483    4.277           0.000        3437.063        3462.313        3485.563;
   484    4.285           0.000        3120.719        3139.375        3158.750;
   485    4.294           0.000        2802.000        2821.563        2842.656;
   486    4.303           0.000        2480.313        2496.906        2516.281;
   487    4.312           0.000        2155.750        2177.969        2200.281;
   488    4.321           0.000        1830.063        1850.656        1871.469;
   489    4.330           0.000        1503.656        1521.156        1539.500;
   490    4.339           0.000        1178.188        1195.156        1214.594;
   491    4.347           0.000         851.469         864.281         881.969;
   492    4.356           0.000         525.719         541.125         559.406;
   493    4.365           0.000         202.188         217.000         232.875;
   494    4.374           0.000        -120.563        -107.688         -94.438;
   495    4.383           0.000        -442.250        -429.313        -415.031;
   496    4.392           0.000        -761.344        -750.500        -735.813;
   497    4.401           0.000       -1077.375       -1066.000       -1051.625;
   498    4.409           0.000       -1389.813       -1375.563       -1360.281;
   499    4.418           0.000       -1697.500       -1690.906       -1680.219;
   500    4.427           0.000       -2001.281       -1988.094       -1973.500;
   501    4.436           0.000       -2299.344       -2292.125       -2281.781;
   502    4.445           0.000       -2592.500       -2579.500       -2566.563;
   503    4.454           0.000       -2879.344       -2871.500       -2862.344;
   504    4.463           0.000       -3160.500       -3147.875       -3137.688;
   505    4.471           0.000       -3434.625       -3423.219       -3415.063;
   506    4.480           0.000       -3701.313       -3690.531       -3681.969;
   507    4.489           0.000       -3959.813       -3949.094       -3940.500;
   508    4.498           0.000       -4209.625       -4197.156       -4188.781;
   509    4.507           0.000       -4451.219       -4438.250       -4430.063;
   510    4.516           0.000       -4683.625       -4671.625       -4664.500;
   511    4.524           0.000       -4906.594       -4893.188       -4884.500;
   512    4.533           0.000       -5119.719       -5108.906       -5101.938;
   513    4.542           0.000       -5323.688       -5309.750       -5301.031;
   514    4.551           0.000       -5516.531       -5506.000       -5498.406;
   515    4.560           0.000       -5699.594       -5685.563       -5676.281;
   516    4.569           0.000       -5871.375       -5861.594       -5855.750;
   517    4.578           0.000       -6032.438       -6019.531       -6011.188;
   518    4.586           0.000       -6181.938       -6170.375       -6163.844;
   519    4.595           0.000       -6318.875       -6309.563       -6304.906;
   520    4.604           0.000       -6444.094       -6428.000       -6419.219;
   521    4.613           0.000       -6557.250       -6547.000       -6542.219;
   522    4.622           0.000       -6656.563       -6642.969       -6636.219;
   523    4.631           0.000       -6742.969       -6729.188       -6721.750;
   524    4.640           0.000       -6817.094       -6802.688       -6794.719;
   525    4.648           0.000       -6878.719       -6865.406       -6858.688;
   526    4.657           0.000       -6927.563       -6915.375       -6909.656;
   527    4.666           0.000       -6962.906       -6951.344       -6945.844;
   528    4.675           0.000       -6984.563       -6974.500       -6969.500;
   529    4.684           0.000       -6992.500       -6983.219       -6978.500;
   530    4.693           0.000       -6988.656       -6980.750       -6978.000;
   531    4.702           0.000       -6969.563       -6964.125       -6962.438;
   532    4.710           0.000       -6937.719       -6934.000       -6933.406;
   533    4.719           0.000       -6893.688       -6892.000       -6892.656;
   534    4.728           0.000       -6837.719       -6836.625       -6838.281;
   535    4.737           0.000       -6770.781       -6771.219       -6774.000;
   536    4.746           0.000       -6693.563       -6695.594       -6699.250;
   537    4.755           0.000       -6605.063       -6608.531       -6613.844;
   538    4.764           0.000       -6505.063       -6509.031       -6514.625;
   539    4.772           0.000       -6393.844       -6399.188       -6405.094;
   540    4.781           0.000       -6273.219       -6280.438       -6287.344;
   541    4.790           0.000       -6143.125       -6152.344       -6160.719;
   542    4.799           0.000       -6003.344       -6012.250       -6019.781;
   543    4.808           0.000       -5854.188       -5866.969       -5875.938;
   544    4.817           0.000       -5696.969       -5707.625       -5715.063;
   545    4.826           0.000       -5530.313       -5542.375       -5550.594;
   546    4.834           0.000       -5356.063       -5368.938       -5378.063;
   547    4.843           0.000       -5174.000       -5186.563       -5195.281;
   548    4.852           0.000       -4984.406       -4996.875       -5006.188;
   549    4.861           0.000       -4788.063       -4802.875       -4813.688;
   550    4.870           0.000       -4585.000       -4598.250       -4607.281;
   551    4.879           0.000       -4375.594       -4394.375       -4405.094;
   552    4.888           0.000       -4159.563       -4176.125       -4184.406;
   553    4.896           0.000       -3938.344       -3960.094       -3970.344;
   554    4.905           0.000       -3711.250       -3730.750       -3740.125;
   555    4.914           0.000       -3480.188       -3501.375       -3511.188;
   556    4.923           0.000       -3244.406       -3267.281       -3277.063;
   557    4.932           0.000       -3004.875       -3025.625       -3036.156;
   558    4.941           0.000       -2761.656       -2787.031       -2798.438;
   559    4.949           0.000       -2515.063       -2539.219       -2548.438;
   560    4.958           0.000       -2265.094       -2288.594       -2294.875;
   561    4.967           0.000       -2014.094       -2041.188       -2049.281;
   562    4.976           0.000       -1761.281       -1784.906       -1792.969;
   563    4.985           0.000       -1507.063       -1532.719       -1540.313;
   564    4.994           0.000       -1250.938       -1274.188       -1279.906;
   565    5.003           0.000        -993.625       -1016.375       -1023.219;
   566    5.011           0.000        -736.781        -760.031        -766.063;
   567    5.020           0.000        -480.219        -502.906        -509.344;
   568    5.029           0.000        -223.063        -244.750        -250.531;
   569    5.038           0.000          32.063           7.906           2.156;
   570    5.047           0.000         285.063         260.844         254.625;
   571    5.056           0.000         536.000         512.813         507.656;
   572    5.065           0.000         785.438         760.031         753.469;
   573    5.073           0.000        1033.375        1010.781        1005.625;
   574    5.082           0.000        1277.531        1251.469        1245.344;
   575    5.091           0.000        1518.781        1492.938        1486.719;
   576    5.100           0.000        1756.375        1735.406        1732.438;
   577    5.109           0.000        1989.156        1963.563        1958.781;
   578    5.118           0.000        2218.125        2199.469        2198.969;
   579    5.127           0.000        2441.688        2418.625        2416.813;
   580    5.135           0.000        2660.469        2639.500        2639.125;
   581    5.144           0.000        2872.813        2850.406        2849.094;
   582    5.153           0.000        3079.625        3058.844        3058.719;
   583    5.162           0.000        3280.469        3259.688        3257.719;
   584    5.171           0.000        3474.563        3455.281        3454.125;
   585    5.180           0.000        3662.219        3643.250        3642.469;
   586    5.189           0.000        3843.313        3826.406        3828.500;
   587    5.197           0.000        4016.844        3993.281        3991.063;
   588    5.206           0.000        4183.250        4172.219        4176.688;
   589    5.215           0.000        4341.375        4316.156        4311.344;
   590    5.224           0.000        4491.844        4485.219        4490.125;
   591    5.233           0.000        4633.688        4612.000        4608.813;
   592    5.242           0.000        4766.750        4752.938        4755.344;
   593    5.251           0.000        4892.188        4882.125        4885.406;
   594    5.259           0.000        5008.156        4989.688        4988.344;
   595    5.268           0.000        5113.875        5101.438        5103.969;
   596    5.277           0.000        5210.188        5197.656        5199.688;
   597    5.286           0.000        5297.875        5287.750        5291.063;
   598    5.295           0.000        5376.594        5363.375        5365.000;
   599    5.304           0.000        5444.875        5432.063        5434.750;
   600    5.313           0.000        5502.281        5489.750        5492.969;
   601    5.321           0.000        5549.469        5539.094        5543.250;
   602    5.330           0.000        5586.625        5577.188        5581.844;
   603    5.339           0.000        5613.875        5605.813        5610.813;
   604    5.348           0.000        5631.719        5623.906        5629.219;
   605    5.357           0.000        5640.469        5633.125        5638.594;
   606    5.366           0.000        5641.469        5634.469        5640.469;
   607    5.374           0.000        5632.063        5628.813        5636.313;
   608    5.383           0.000        5613.625        5613.000        5622.063;
   609    5.392           0.000        5586.500        5588.500        5599.031;
   610    5.401           0.000        5550.875        5555.094        5566.844;
   611    5.410           0.000        5506.688        5511.844        5523.813;
   612    5.419           0.000        5454.063        5460.156        5472.844;
   613    5.428           0.000        5392.281        5400.750        5414.406;
   614    5.436           0.000        5321.656        5333.563        5348.938;
   615    5.445           0.000        5243.063        5255.875        5271.594;
   616    5.454           0.000        5157.531        5170.344        5186.625;
   617    5.463           0.000        5064.781        5078.000        5093.844;
   618    5.472           0.000        4965.031        4978.063        4993.625;
   619    5.481           0.000        4858.313        4873.219        4890.469;
   620    5.490           0.000        4744.375        4757.906        4774.563;
   621    5.498           0.000        4624.188        4638.688        4654.719;
   622    5.507           0.000        4498.594        4512.875        4528.875;
   623    5.516           0.000        4367.156        4383.281        4401.250;
   624    5.525           0.000        4230.406        4243.813        4259.844;
   625    5.534           0.000        4089.063        4103.000        4120.094;
   626    5.543           0.000        3941.406        3956.000        3974.469;
   627    5.552           0.000        3789.406        3799.313        3814.344;
   628    5.560           0.000        3633.125        3649.656        3669.031;
   629    5.569           0.000        3472.094        3485.656        3503.156;
   630    5.578           0.000        3308.031        3319.938        3335.844;
   631    5.587           0.000        3139.594        3156.781        3176.094;
   632    5.596           0.000        2968.813        2977.969        2993.156;
   633    5.605           0.000        2795.063        2811.250        2831.156;
   634    5.614           0.000        2617.813        2627.531        2642.813;
   635    5.622           0.000        2438.344        2453.000        2471.406;
   636    5.631           0.000        2255.156        2272.063        2290.500;
   637    5.640           0.000        2070.688        2082.906        2100.563;
   638    5.649           0.000        1884.125        1903.469        1924.438;
   639    5.658           0.000        1696.594        1704.938        1719.094;
   640    5.667           0.000        1507.844        1527.813        1548.094;
   641    5.676           0.000        1319.406        1327.344        1340.594;
   642    5.684           0.000        1129.719        1148.563        1167.813;
   643    5.693           0.000         939.938         948.594         961.281;
   644    5.702           0.000         750.313         767.188         784.531;
   645    5.711           0.000         561.469         571.688         584.313;
   646    5.720           0.000         373.719         388.063         403.781;
   647    5.729           0.000         187.625         201.500         215.313;
   648    5.738           0.000           2.219          10.469          20.594;
   649    5.746           0.000        -182.313        -166.688        -153.063;
   650    5.755           0.000        -365.531        -358.750        -350.500;
   651    5.764           0.000        -547.125        -529.219        -514.531;
   652    5.773           0.000        -725.875        -722.094        -715.656;
   653    5.782           0.000        -901.688        -884.688        -869.563;
   654    5.791           0.000       -1074.500       -1070.531       -1063.469;
   655    5.799           0.000       -1244.281       -1227.594       -1213.188;
   656    5.808           0.000       -1410.250       -1404.625       -1397.813;
   657    5.817           0.000       -1572.281       -1560.844       -1550.281;
   658    5.826           0.000       -1729.719       -1718.906       -1707.906;
   659    5.835           0.000       -1882.969       -1879.156       -1872.188;
   660    5.844           0.000       -2032.031       -2016.250       -2002.188;
   661    5.853           0.000       -2175.938       -2172.406       -2167.750;
   662    5.861           0.000       -2314.938       -2302.344       -2292.188;
   663    5.870           0.000       -2449.219       -2439.000       -2430.375;
   664    5.879           0.000       -2578.219       -2571.125       -2565.688;
   665    5.888           0.000       -2701.750       -2692.031       -2685.500;
   666    5.897           0.000       -2819.531       -2808.844       -2801.750;
   667    5.906           0.000       -2931.531       -2921.625       -2915.656;
   668    5.915           0.000       -3037.906       -3030.656       -3026.688;
   669    5.923           0.000       -3137.781       -3125.750       -3118.938;
   670    5.932           0.000       -3231.250       -3221.500       -3215.875;
   671    5.941           0.000       -3318.469       -3309.313       -3304.625;
   672    5.950           0.000       -3399.031       -3391.531       -3388.063;
   673    5.959           0.000       -3472.438       -3464.438       -3460.500;
   674    5.968           0.000       -3538.438       -3530.063       -3525.219;
   675    5.977           0.000       -3596.969       -3588.625       -3584.031;
   676    5.985           0.000       -3648.094       -3639.688       -3635.031;
   677    5.994           0.000       -3692.031       -3685.281       -3681.406;
   678    6.003           0.000       -3729.313       -3723.719       -3720.594;
   679    6.012           0.000       -3759.594       -3754.781       -3752.000;
   680    6.021           0.000       -3782.656       -3778.656       -3776.500;
   681    6.030           0.000       -3798.313       -3794.094       -3791.781;
   682    6.039           0.000       -3806.438       -3803.031       -3801.031;
   683    6.047           0.000       -3807.500       -3804.500       -3802.500;
   684    6.056           0.000       -3801.344       -3800.438       -3799.813;
   685    6.065           0.000       -3786.875       -3787.719       -3787.844;
   686    6.074           0.000       -3765.688       -3768.406       -3769.781;
   687    6.083           0.000       -3738.250       -3742.906       -3745.219;
   688    6.092           0.000       -3705.125       -3709.969       -3712.156;
   689    6.101           0.000       -3666.781       -3672.656       -3675.844;
   690    6.109           0.000       -3623.125       -3629.531       -3633.250;
   691    6.118           0.000       -3574.031       -3581.750       -3585.844;
   692    6.127           0.000       -3519.375       -3528.250       -3533.094;
   693    6.136           0.000       -3459.406       -3469.375       -3475.156;
   694    6.145           0.000       -3394.000       -3404.750       -3410.969;
   695    6.154           0.000       -3323.281       -3334.875       -3340.813;
   696    6.163           0.000       -3247.938       -3260.281       -3265.813;
   697    6.171           0.000       -3168.250       -3181.313       -3186.844;
   698    6.180           0.000       -3084.406       -3098.719       -3105.719;
   699    6.189           0.000       -2996.000       -3010.563       -3018.406;
   700    6.198           0.000       -2903.344       -2917.844       -2925.813;
   701    6.207           0.000       -2806.688       -2820.594       -2827.313;
   702    6.216           0.000       -2706.594       -2720.875       -2727.656;
   703    6.224           0.000       -2603.094       -2619.813       -2628.094;
   704    6.233           0.000       -2496.000       -2510.750       -2517.219;
   705    6.242           0.000       -2385.344       -2401.031       -2407.125;
   706    6.251           0.000       -2271.938       -2288.406       -2294.531;
   707    6.260           0.000       -2156.406       -2173.813       -2180.906;
   708    6.269           0.000       -2038.531       -2056.531       -2063.031;
   709    6.278           0.000       -1918.250       -1934.688       -1939.656;
   710    6.286           0.000       -1795.781       -1816.281       -1824.281;
   711    6.295           0.000       -1671.313       -1690.313       -1697.125;
   712    6.304           0.000       -1544.719       -1561.813       -1566.906;
   713    6.313           0.000       -1416.281       -1435.625       -1442.000;
   714    6.322           0.000       -1286.406       -1304.688       -1310.281;
   715    6.331           0.000       -1154.344       -1172.094       -1176.719;
   716    6.340           0.000       -1021.656       -1040.281       -1046.719;
   717    6.348           0.000        -888.313        -908.344        -914.531;
   718    6.357           0.000        -754.813        -770.375        -774.313;
   719    6.366           0.000        -621.219        -640.844        -647.906;
   720    6.375           0.000        -487.531        -505.906        -512.344;
   721    6.384           0.000        -353.500        -369.406        -373.219;
   722    6.393           0.000        -220.469        -241.875        -249.500;
   723    6.402           0.000         -88.750        -108.000        -113.531;
   724    6.410           0.000          41.688          24.750          21.656;
   725    6.419           0.000         170.938         149.000         142.500;
   726    6.428           0.000         298.219         277.750         272.156;
   727    6.437           0.000         424.063         406.156         402.719;
   728    6.446           0.000         548.469         527.063         520.594;
   729    6.455           0.000         670.844         650.969         644.688;
   730    6.464           0.000         791.563         773.594         769.875;
   731    6.472           0.000         910.500         891.438         887.344;
   732    6.481           0.000        1026.750        1004.969         998.125;
   733    6.490           0.000        1139.969        1121.219        1116.875;
   734    6.499           0.000        1250.875        1232.250        1228.688;
   735    6.508           0.000        1359.375        1336.906        1330.844;
   736    6.517           0.000        1464.625        1444.094        1439.063;
   737    6.526           0.000        1566.156        1547.844        1545.844;
   738    6.534           0.000        1665.094        1647.469        1646.094;
   739    6.543           0.000        1760.469        1739.750        1736.531;
   740    6.552           0.000        1851.938        1833.031        1830.531;
   741    6.561           0.000        1939.156        1920.906        1919.344;
   742    6.570           0.000        2022.125        2006.906        2006.969;
   743    6.579           0.000        2101.594        2084.031        2082.750;
   744    6.588           0.000        2177.219        2160.219        2159.281;
   745    6.596           0.000        2248.406        2231.688        2231.125;
   746    6.605           0.000        2314.094        2298.031        2298.344;
   747    6.614           0.000        2375.469        2360.531        2362.000;
   748    6.623           0.000        2431.813        2417.156        2419.188;
   749    6.632           0.000        2483.375        2467.875        2469.406;
   750    6.641           0.000        2529.750        2513.938        2515.188;
   751    6.649           0.000        2571.656        2555.219        2556.344;
   752    6.658           0.000        2608.969        2592.281        2593.563;
   753    6.667           0.000        2641.625        2624.656        2626.219;
   754    6.676           0.000        2669.156        2652.000        2653.469;
   755    6.685           0.000        2691.406        2675.313        2677.469;
   756    6.694           0.000        2708.125        2692.719        2695.313;
   757    6.703           0.000        2719.375        2704.625        2707.906;
   758    6.711           0.000        2725.156        2711.469        2715.000;
   759    6.720           0.000        2726.469        2712.469        2716.469;
   760    6.729           0.000        2722.063        2711.000        2716.469;
   761    6.738           0.000        2711.563        2702.125        2708.438;
   762    6.747           0.000        2696.188        2688.219        2695.188;
   763    6.756           0.000        2676.188        2669.781        2677.969;
   764    6.765           0.000        2651.844        2646.344        2655.156;
   765    6.773           0.000        2623.531        2619.094        2628.750;
   766    6.782           0.000        2591.375        2588.438        2599.156;
   767    6.791           0.000        2555.719        2553.969        2565.563;
   768    6.800           0.000        2517.063        2516.906        2529.469;
   769    6.809           0.000        2474.906        2476.719        2490.438;
   770    6.818           0.000        2429.625        2433.000        2447.438;
   771    6.827           0.000        2381.031        2385.031        2399.906;
   772    6.835           0.000        2329.188        2333.094        2347.906;
   773    6.844           0.000        2274.125        2278.563        2293.625;
   774    6.853           0.000        2216.344        2221.688        2237.313;
   775    6.862           0.000        2155.719        2161.094        2176.656;
   776    6.871           0.000        2092.844        2098.344        2114.688;
   777    6.880           0.000        2028.125        2033.875        2050.500;
   778    6.889           0.000        1961.625        1967.438        1983.875;
   779    6.897           0.000        1893.313        1898.250        1914.094;
   780    6.906           0.000        1822.781        1826.313        1840.969;
   781    6.915           0.000        1750.500        1755.906        1772.000;
   782    6.924           0.000        1676.844        1681.938        1697.750;
   783    6.933           0.000        1601.781        1606.594        1621.781;
   784    6.942           0.000        1525.625        1530.406        1545.188;
   785    6.951           0.000        1448.969        1453.250        1467.500;
   786    6.959           0.000        1370.750        1375.594        1390.188;
   787    6.968           0.000        1291.656        1297.063        1312.156;
   788    6.977           0.000        1211.844        1217.188        1232.188;
   789    6.986           0.000        1131.438        1137.531        1152.813;
   790    6.995           0.000        1050.938        1056.188        1070.406;
   791    7.004           0.000         969.938         973.719         987.219;
   792    7.013           0.000         888.375         894.375         909.250;
   793    7.021           0.000         806.750         811.938         826.531;
   794    7.030           0.000         725.313         730.813         745.406;
   795    7.039           0.000         644.406         647.750         660.156;
   796    7.048           0.000         563.750         568.531         582.094;
   797    7.057           0.000         483.438         489.656         504.531;
   798    7.066           0.000         403.906         410.063         424.844;
   799    7.074           0.000         325.219         331.688         346.531;
   800    7.083           0.000         247.500         251.781         264.938;
   801    7.092           0.000         170.344         174.750         187.625;
   802    7.101           0.000          93.906          99.094         112.063;
   803    7.110           0.000          18.250          23.688          36.594;
   804    7.119           0.000         -56.781         -51.344         -38.719;
   805    7.128           0.000        -130.531        -126.656        -115.438;
   806    7.136           0.000        -203.375        -199.250        -188.375;
   807    7.145           0.000        -274.906        -269.344        -257.219;
   808    7.154           0.000        -345.188        -339.188        -326.688;
   809    7.163           0.000        -413.781        -407.438        -394.969;
   810    7.172           0.000        -480.719        -475.156        -463.063;
   811    7.181           0.000        -545.750        -541.625        -530.000;
   812    7.190           0.000        -608.906        -604.625        -592.656;
   813    7.198           0.000        -669.781        -665.250        -653.344;
   814    7.207           0.000        -728.250        -723.500        -711.188;
   815    7.216           0.000        -784.125        -779.219        -766.438;
   816    7.225           0.000        -837.375        -832.656        -819.906;
   817    7.234           0.000        -888.031        -884.188        -871.594;
   818    7.243           0.000        -935.938        -933.250        -921.313;
   819    7.252           0.000        -981.000        -977.813        -965.906;
   820    7.260           0.000       -1022.969       -1018.938       -1006.406;
   821    7.269           0.000       -1062.344       -1058.031       -1045.594;
   822    7.278           0.000       -1098.813       -1094.406       -1081.531;
   823    7.287           0.000       -1132.344       -1127.750       -1114.906;
   824    7.296           0.000       -1162.625       -1158.156       -1145.313;
   825    7.305           0.000       -1189.594       -1185.344       -1172.969;
   826    7.314           0.000       -1213.031       -1208.813       -1196.438;
   827    7.322           0.000       -1232.719       -1229.250       -1217.094;
   828    7.331           0.000       -1248.844       -1245.813       -1233.969;
   829    7.340           0.000       -1261.500       -1258.719       -1247.344;
   830    7.349           0.000       -1270.469       -1268.188       -1257.156;
   831    7.358           0.000       -1276.125       -1274.219       -1263.500;
   832    7.367           0.000       -1278.500       -1276.688       -1266.500;
   833    7.376           0.000       -1278.500       -1277.500       -1268.406;
   834    7.384           0.000       -1274.969       -1274.844       -1267.000;
   835    7.393           0.000       -1267.500       -1269.156       -1262.063;
   836    7.402           0.000       -1257.156       -1259.875       -1253.375;
   837    7.411           0.000       -1243.875       -1247.656       -1241.781;
   838    7.420           0.000       -1227.844       -1232.563       -1227.344;
   839    7.429           0.000       -1209.188       -1214.625       -1209.844;
   840    7.438           0.000       -1187.875       -1193.813       -1189.750;
   841    7.446           0.000       -1164.250       -1171.031       -1167.406;
   842    7.455           0.000       -1138.438       -1145.813       -1142.906;
   843    7.464           0.000       -1110.719       -1118.938       -1116.344;
   844    7.473           0.000       -1081.281       -1090.500       -1089.250;
   845    7.482           0.000       -1050.438       -1060.406       -1059.531;
   846    7.491           0.000       -1018.250       -1029.125       -1028.750;
   847    7.499           0.000        -984.938        -995.875        -995.469;
   848    7.508           0.000        -950.688        -962.156        -962.344;
   849    7.517           0.000        -915.094        -926.406        -926.188;
   850    7.526           0.000        -878.531        -889.813        -889.688;
   851    7.535           0.000        -840.750        -852.156        -851.531;
   852    7.544           0.000        -802.344        -813.344        -813.094;
   853    7.553           0.000        -763.031        -774.469        -775.063;
   854    7.561           0.000        -723.000        -734.656        -735.875;
   855    7.570           0.000        -682.344        -694.688        -696.313;
   856    7.579           0.000        -641.125        -653.500        -655.281;
   857    7.588           0.000        -599.500        -611.969        -613.813;
   858    7.597           0.000        -557.625        -569.594        -571.375;
   859    7.606           0.000        -515.438        -527.906        -529.906;
   860    7.615           0.000        -473.406        -485.688        -487.500;
   861    7.623           0.000        -431.313        -442.906        -444.281;
   862    7.632           0.000        -389.125        -400.344        -401.188;
   863    7.641           0.000        -347.156        -359.594        -360.906;
   864    7.650           0.000        -305.500        -318.375        -320.031;
   865    7.659           0.000        -264.219        -277.250        -279.219;
   866    7.668           0.000        -223.531        -236.938        -239.250;
   867    7.677           0.000        -183.531        -197.000        -199.344;
   868    7.685           0.000        -144.094        -157.594        -159.656;
   869    7.694           0.000        -105.594        -118.469        -120.063;
   870    7.703           0.000         -67.719         -80.219         -81.625;
   871    7.712           0.000         -30.938         -43.438         -44.750;
   872    7.721           0.000           5.250          -7.375          -8.344;
   873    7.730           0.000          40.469          27.094          26.125;
   874    7.739           0.000          74.656          60.750          59.281;
   875    7.747           0.000         107.875          93.844          92.219;
   876    7.756           0.000         140.063         126.000         124.438;
   877    7.765           0.000         171.281         156.781         155.375;
   878    7.774           0.000         201.344         186.781         185.313;
   879    7.783           0.000         230.313         216.094         214.719;
   880    7.792           0.000         258.156         244.250         243.188;
   881    7.801           0.000         284.844         271.031         269.938;
   882    7.809           0.000         310.188         296.594         295.875;
   883    7.818           0.000         334.063         320.688         320.000;
   884    7.827           0.000         357.094         344.031         343.531;
   885    7.836           0.000         378.906         366.000         365.375;
   886    7.845           0.000         399.500         386.313         385.688;
   887    7.854           0.000         419.000         405.719         404.938;
   888    7.863           0.000         437.250         424.000         423.281;
   889    7.871           0.000         454.156         440.531         439.438;
   890    7.880           0.000         469.813         456.094         454.906;
   891    7.889           0.000         484.188         470.563         469.469;
   892    7.898           0.000         497.000         483.469         482.406;
   893    7.907           0.000         508.563         495.000         493.719;
   894    7.916           0.000         518.719         505.250         504.031;
   895    7.924           0.000         527.500         514.094         512.875;
   896    7.933           0.000         534.781         521.594         520.469;
   897    7.942           0.000         540.688         527.625         526.531;
   898    7.951           0.000         545.188         532.375         531.500;
   899    7.960           0.000         548.469         535.563         534.750;
   900    7.969           0.000         550.156         537.469         536.938;
   901    7.978           0.000         550.469         538.469         537.844;
   902    7.986           0.000         550.469         538.469         538.469]
