 Sample   Time     Commanded Pos   Encoder 1 Pos   Encoder 2 Pos   Encoder 3 Pos 

[    0    0.000       10666.656           0.000           0.000           0.000;
     1    0.009       10666.656           1.563           0.000           0.000;
     2    0.018       10666.656          12.406           7.969           5.344;
     3    0.027       10666.656          30.469          25.125          21.688;
     4    0.035       10666.656          56.156          50.156          45.594;
     5    0.044       10666.656          90.219          83.031          77.906;
     6    0.053       10666.656         131.875         123.125         117.531;
     7    0.062       10666.656         180.906         171.313         165.781;
     8    0.071       10666.656         237.531         227.375         221.375;
     9    0.080       10666.656         302.250         291.750         285.531;
    10    0.089       10666.656         374.656         364.438         357.906;
    11    0.097       10666.656         455.531         443.563         436.156;
    12    0.106       10666.656         544.219         531.156         523.563;
    13    0.115       10666.656         639.281         626.375         618.844;
    14    0.124       10666.656         741.719         728.688         721.594;
    15    0.133       10666.656         852.031         838.188         831.438;
    16    0.142       10666.656         970.063         953.719         945.781;
    17    0.151       10666.656        1093.844        1078.875        1072.344;
    18    0.159       10666.656        1223.438        1207.875        1200.781;
    19    0.168       10666.656        1360.000        1341.938        1333.563;
    20    0.177       10666.656        1503.063        1486.563        1479.938;
    21    0.186       10666.656        1651.969        1634.219        1626.750;
    22    0.195       10666.656        1808.031        1788.688        1780.000;
    23    0.204       10666.656        1969.875        1957.375        1951.156;
    24    0.213       10666.656        2139.219        2120.313        2111.063;
    25    0.221       10666.656        2314.344        2298.656        2291.281;
    26    0.230       10666.656        2495.219        2476.281        2464.156;
    27    0.239       10666.656        2681.406        2662.063        2649.656;
    28    0.248       10666.656        2872.625        2854.344        2841.375;
    29    0.257       10666.656        3068.594        3045.000        3030.094;
    30    0.266       10666.656        3269.750        3252.750        3241.094;
    31    0.274       10666.656        3475.125        3448.250        3432.531;
    32    0.283       10666.656        3685.000        3668.281        3657.781;
    33    0.292       10666.656        3899.344        3869.844        3853.344;
    34    0.301       10666.656        4117.094        4097.594        4085.063;
    35    0.310       10666.656        4338.281        4309.406        4292.219;
    36    0.319       10666.656        4563.250        4541.156        4526.031;
    37    0.328       10666.656        4792.625        4764.969        4747.531;
    38    0.336       10666.656        5024.844        4995.969        4979.063;
    39    0.345       10666.656        5260.656        5234.031        5217.125;
    40    0.354       10666.656        5498.781        5466.656        5447.188;
    41    0.363       10666.656        5739.531        5711.656        5694.313;
    42    0.372       10666.656        5982.750        5949.813        5929.094;
    43    0.381       10666.656        6227.281        6196.406        6177.563;
    44    0.390       10666.656        6473.438        6445.375        6426.156;
    45    0.398       10666.656        6721.938        6688.531        6667.094;
    46    0.407       10666.656        6971.219        6938.844        6918.406;
    47    0.416       10666.656        7222.500        7190.125        7170.375;
    48    0.425       10666.656        7474.375        7441.844        7422.781;
    49    0.434       10666.656        7727.594        7695.625        7675.281;
    50    0.443       10666.656        7982.438        7951.344        7933.969;
    51    0.452       10666.656        8236.906        8202.063        8181.906;
    52    0.460       10666.656        8491.219        8461.656        8443.813;
    53    0.469       10666.656        8746.344        8714.375        8694.594;
    54    0.478       10666.656        9002.125        8971.000        8949.969;
    55    0.487       10666.656        9257.219        9226.688        9204.688;
    56    0.496       10666.656        9510.594        9477.188        9455.250;
    57    0.505       10666.656        9763.563        9732.656        9711.406;
    58    0.514       10666.656       10015.813        9984.688        9961.531;
    59    0.522       10666.656       10267.031       10235.938       10213.563;
    60    0.531       10666.656       10517.563       10490.000       10470.063;
    61    0.540       10666.656       10766.438       10735.844       10714.781;
    62    0.549       10666.656       11013.438       10987.969       10968.313;
    63    0.558       10666.656       11259.375       11232.938       11210.406;
    64    0.567       10666.656       11503.375       11474.125       11451.406;
    65    0.576       10666.656       11745.938       11719.031       11698.281;
    66    0.584       10666.656       11986.094       11958.344       11935.938;
    67    0.593       10666.656       12223.594       12196.156       12174.969;
    68    0.602       10666.656       12458.656       12434.594       12415.844;
    69    0.611       10666.656       12691.188       12660.500       12640.406;
    70    0.620       10666.656       12921.844       12897.719       12880.719;
    71    0.629       10666.656       13150.156       13122.844       13103.813;
    72    0.638       10666.656       13374.469       13351.344       13335.094;
    73    0.646       10666.656       13596.125       13573.250       13555.688;
    74    0.655       10666.656       13813.875       13789.250       13772.094;
    75    0.664       10666.656       14027.906       14006.500       13991.406;
    76    0.673       10666.656       14238.188       14214.719       14197.844;
    77    0.682       10666.656       14445.594       14427.094       14413.375;
    78    0.691       10666.656       14646.156       14623.406       14606.406;
    79    0.699       10666.656       14844.125       14832.031       14819.438;
    80    0.708       10666.656       15037.500       15014.938       14995.500;
    81    0.717       10666.656       15227.031       15217.438       15203.969;
    82    0.726       10666.656       15411.938       15392.000       15372.344;
    83    0.735       10666.656       15592.188       15583.000       15568.625;
    84    0.744       10666.656       15767.813       15752.188       15733.969;
    85    0.753       10666.656       15938.469       15926.844       15910.156;
    86    0.761       10666.656       16103.156       16091.688       16075.219;
    87    0.770       10666.656       16263.344       16245.688       16224.906;
    88    0.779       10666.656       16418.094       16413.375       16399.844;
    89    0.788       10666.656       16566.969       16544.875       16520.906;
    90    0.797       10666.656       16710.281       16704.563       16690.031;
    91    0.806       10666.656       16847.000       16833.281       16812.188;
    92    0.815       10666.656       16977.250       16966.469       16946.688;
    93    0.823       10666.656       17102.063       17095.719       17077.875;
    94    0.832       10666.656       17221.563       17212.688       17192.875;
    95    0.841       10666.656       17334.375       17325.344       17305.531;
    96    0.850       10666.656       17441.000       17432.469       17412.625;
    97    0.859       10666.656       17542.063       17535.688       17517.406;
    98    0.868       10666.656       17636.938       17628.438       17608.563;
    99    0.877       10666.656       17724.781       17715.563       17694.906;
   100    0.885       10666.656       17806.125       17799.063       17779.875;
   101    0.894       10666.656       17881.469       17874.250       17855.313;
   102    0.903       10666.656       17951.000       17944.406       17925.875;
   103    0.912       10666.656       18014.563       18007.375       17988.125;
   104    0.921       10666.656       18071.250       18063.656       18043.844;
   105    0.930       10666.656       18121.094       18113.906       18094.438;
   106    0.939       10666.656       18163.875       18156.844       18137.750;
   107    0.947       10666.656       18200.063       18194.469       18176.219;
   108    0.956       10666.656       18230.063       18224.594       18206.531;
   109    0.965       10666.656       18253.719       18248.563       18230.938;
   110    0.974       10666.656       18271.063       18266.125       18248.531;
   111    0.983       10666.656       18282.344       18277.313       18260.000;
   112    0.992       10666.656       18287.469       18282.938       18265.844;
   113    1.001       10666.656       18288.469       18283.469       18267.000;
   114    1.009       10666.656       18282.125       18279.906       18264.469;
   115    1.018       10666.656       18269.781       18269.438       18254.781;
   116    1.027       10666.656       18251.969       18253.219       18239.469;
   117    1.036       10666.656       18228.781       18231.531       18218.594;
   118    1.045       10666.656       18200.281       18204.344       18192.188;
   119    1.054       10666.656       18166.625       18171.750       18159.969;
   120    1.063       10666.656       18127.625       18133.344       18121.813;
   121    1.071       10666.656       18083.281       18090.813       18080.125;
   122    1.080       10666.656       18033.656       18041.844       18032.250;
   123    1.089       10666.656       17978.781       17988.250       17979.781;
   124    1.098       10666.656       17918.938       17929.906       17922.250;
   125    1.107       10666.656       17854.906       17867.063       17859.750;
   126    1.116       10666.656       17786.656       17799.375       17792.344;
   127    1.124       10666.656       17714.375       17727.500       17720.813;
   128    1.133       10666.656       17637.906       17651.031       17644.531;
   129    1.142       10666.656       17556.750       17569.938       17564.219;
   130    1.151       10666.656       17471.125       17484.969       17480.406;
   131    1.160       10666.656       17381.531       17395.031       17390.000;
   132    1.169       10666.656       17288.281       17301.188       17296.281;
   133    1.178       10666.656       17191.375       17204.750       17200.344;
   134    1.186       10666.656       17090.438       17104.656       17101.125;
   135    1.195       10666.656       16986.063       16999.656       16996.313;
   136    1.204       10666.656       16878.188       16889.719       16885.500;
   137    1.213       10666.656       16766.719       16778.344       16774.531;
   138    1.222       10666.656       16650.656       16664.344       16662.094;
   139    1.231       10666.656       16531.156       16541.906       16538.156;
   140    1.240       10666.656       16408.313       16419.438       16416.250;
   141    1.248       10666.656       16281.844       16296.250       16295.438;
   142    1.257       10666.656       16152.469       16164.344       16162.000;
   143    1.266       10666.656       16020.469       16032.219       16029.844;
   144    1.275       10666.656       15886.250       15902.625       15903.719;
   145    1.284       10666.656       15749.813       15763.063       15762.656;
   146    1.293       10666.656       15611.656       15623.500       15622.000;
   147    1.302       10666.656       15471.594       15488.625       15491.500;
   148    1.310       10666.656       15329.281       15342.594       15343.438;
   149    1.319       10666.656       15185.250       15199.813       15200.969;
   150    1.328       10666.656       15039.656       15059.250       15063.000;
   151    1.337       10666.656       14892.531       14904.344       14904.375;
   152    1.346       10666.656       14743.938       14759.906       14763.156;
   153    1.355       10666.656       14594.094       14609.219       14613.188;
   154    1.364       10666.656       14444.250       14452.031       14451.750;
   155    1.372       10666.656       14292.500       14309.188       14314.625;
   156    1.381       10666.656       14139.313       14149.500       14151.750;
   157    1.390       10666.656       13985.250       13995.125       13996.969;
   158    1.399       10666.656       13830.125       13844.500       13850.156;
   159    1.408       10666.656       13673.750       13679.469       13679.500;
   160    1.417       10666.656       13515.313       13529.625       13534.031;
   161    1.426       10666.656       13357.188       13368.531       13371.844;
   162    1.434       10666.656       13199.625       13207.844       13209.156;
   163    1.443       10666.656       13042.000       13057.906       13063.938;
   164    1.452       10666.656       12884.438       12889.563       12888.844;
   165    1.461       10666.656       12727.625       12739.563       12743.750;
   166    1.470       10666.656       12571.656       12578.063       12579.656;
   167    1.479       10666.656       12415.813       12418.844       12417.469;
   168    1.488       10666.656       12260.750       12272.813       12276.969;
   169    1.496       10666.656       12106.281       12108.938       12106.375;
   170    1.505       10666.656       11952.281       11960.938       11960.938;
   171    1.514       10666.656       11800.250       11807.188       11806.531;
   172    1.523       10666.656       11648.438       11651.844       11647.781;
   173    1.532       10666.656       11498.094       11506.938       11506.000;
   174    1.541       10666.656       11349.219       11351.500       11346.625;
   175    1.549       10666.656       11200.875       11206.844       11203.938;
   176    1.558       10666.656       11054.438       11061.844       11060.594;
   177    1.567       10666.656       10908.969       10913.281       10910.219;
   178    1.576       10666.656       10764.469       10774.031       10774.281;
   179    1.585       10666.656       10621.531       10627.969       10626.719;
   180    1.594       10666.656       10480.000       10484.906       10482.125;
   181    1.603       10666.656       10340.469       10347.094       10345.781;
   182    1.611       10666.656       10203.188       10209.344       10208.719;
   183    1.620       10666.656       10067.000       10068.500       10064.906;
   184    1.629       10666.656        9933.313        9939.969        9939.781;
   185    1.638       10666.656        9801.938        9806.063        9804.250;
   186    1.647       10666.656        9672.063        9673.406        9669.094;
   187    1.656       10666.656        9544.500        9549.781        9548.250;
   188    1.665       10666.656        9419.688        9422.469        9419.281;
   189    1.673       10666.656        9296.563        9298.063        9293.094;
   190    1.682       10666.656        9175.938        9179.344        9176.500;
   191    1.691       10666.656        9057.844        9062.344        9061.313;
   192    1.700       10666.656        8941.875        8946.188        8943.906;
   193    1.709       10666.656        8828.781        8831.125        8828.000;
   194    1.718       10666.656        8718.594        8723.719        8722.656;
   195    1.727       10666.656        8610.969        8614.781        8612.813;
   196    1.735       10666.656        8506.375        8508.094        8504.656;
   197    1.744       10666.656        8404.594        8407.844        8405.969;
   198    1.753       10666.656        8305.625        8309.656        8308.281;
   199    1.762       10666.656        8210.156        8213.781        8211.813;
   200    1.771       10666.656        8118.063        8119.344        8115.063;
   201    1.780       10666.656        8028.594        8030.750        8027.219;
   202    1.789       10666.656        7942.781        7945.875        7944.000;
   203    1.797       10666.656        7860.500        7862.344        7859.469;
   204    1.806       10666.656        7781.625        7785.000        7782.094;
   205    1.815       10666.656        7707.125        7708.188        7703.469;
   206    1.824       10666.656        7636.500        7639.875        7636.969;
   207    1.833       10666.656        7569.594        7572.563        7569.938;
   208    1.842       10666.656        7506.563        7509.438        7506.906;
   209    1.851       10666.656        7447.625        7451.438        7448.938;
   210    1.859       10666.656        7393.000        7395.344        7391.594;
   211    1.868       10666.656        7342.938        7343.594        7338.813;
   212    1.877       10666.656        7296.500        7296.938        7291.594;
   213    1.886       10666.656        7254.188        7254.094        7248.969;
   214    1.895       10666.656        7215.594        7215.625        7210.844;
   215    1.904       10666.656        7180.719        7181.063        7176.688;
   216    1.913       10666.656        7149.906        7150.094        7145.563;
   217    1.921       10666.656        7123.094        7123.469        7119.188;
   218    1.930       10666.656        7100.188        7100.188        7095.906;
   219    1.939       10666.656        7081.219        7081.188        7076.719;
   220    1.948       10666.656        7066.469        7066.219        7061.313;
   221    1.957       10666.656        7055.656        7055.188        7050.031;
   222    1.966       10666.656        7048.781        7048.125        7042.844;
   223    1.974       10666.656        7046.094        7044.906        7039.469;
   224    1.983       10666.656        7045.500        7044.500        7039.031;
   225    1.992       10666.656        7050.656        7047.219        7040.531;
   226    2.001       10666.656        7059.188        7054.313        7046.781;
   227    2.010       10666.656        7071.125        7065.281        7056.781;
   228    2.019       10666.656        7086.313        7078.969        7070.031;
   229    2.028       10666.656        7104.313        7096.031        7086.406;
   230    2.036       10666.656        7125.500        7116.094        7105.813;
   231    2.045       10666.656        7149.406        7139.094        7128.000;
   232    2.054       10666.656        7176.031        7164.906        7152.875;
   233    2.063       10666.656        7205.563        7193.469        7180.531;
   234    2.072       10666.656        7237.406        7224.500        7211.031;
   235    2.081       10666.656        7271.375        7257.781        7243.719;
   236    2.090       10666.656        7307.719        7294.063        7279.938;
   237    2.098       10666.656        7346.500        7332.563        7318.219;
   238    2.107       10666.656        7387.656        7373.813        7359.219;
   239    2.116       10666.656        7431.219        7418.063        7403.469;
   240    2.125       10666.656        7477.625        7464.094        7449.156;
   241    2.134       10666.656        7526.406        7511.781        7496.313;
   242    2.143       10666.656        7577.219        7561.938        7545.375;
   243    2.152       10666.656        7629.906        7614.500        7597.594;
   244    2.160       10666.656        7684.188        7668.656        7651.531;
   245    2.169       10666.656        7740.188        7724.344        7707.531;
   246    2.178       10666.656        7798.094        7782.438        7766.063;
   247    2.187       10666.656        7857.500        7842.031        7825.875;
   248    2.196       10666.656        7918.656        7902.375        7886.188;
   249    2.205       10666.656        7981.375        7963.563        7946.563;
   250    2.214       10666.656        8045.563        8028.094        8011.406;
   251    2.222       10666.656        8111.031        8092.656        8075.281;
   252    2.231       10666.656        8177.500        8159.563        8141.938;
   253    2.240       10666.656        8244.969        8227.594        8210.563;
   254    2.249       10666.656        8313.406        8297.156        8280.500;
   255    2.258       10666.656        8382.938        8365.156        8347.438;
   256    2.267       10666.656        8453.656        8435.781        8417.844;
   257    2.276       10666.656        8525.156        8506.875        8488.906;
   258    2.284       10666.656        8597.375        8579.844        8562.563;
   259    2.293       10666.656        8669.906        8653.438        8636.438;
   260    2.302       10666.656        8743.188        8726.531        8708.469;
   261    2.311       10666.656        8817.469        8800.375        8781.750;
   262    2.320       10666.656        8892.156        8874.656        8855.531;
   263    2.329       10666.656        8967.469        8949.875        8930.375;
   264    2.338       10666.656        9043.063        9025.938        9006.813;
   265    2.346       10666.656        9118.469        9100.875        9080.938;
   266    2.355       10666.656        9194.125        9174.813        9153.438;
   267    2.364       10666.656        9269.844        9250.156        9228.344;
   268    2.373       10666.656        9345.375        9325.906        9304.500;
   269    2.382       10666.656        9420.313        9402.750        9382.594;
   270    2.391       10666.656        9495.750        9478.156        9457.906;
   271    2.399       10666.656        9571.125        9552.406        9531.125;
   272    2.408       10666.656        9646.281        9626.594        9604.625;
   273    2.417       10666.656        9721.406        9702.188        9680.563;
   274    2.426       10666.656        9796.375        9777.719        9756.563;
   275    2.435       10666.656        9871.125        9854.000        9833.563;
   276    2.444       10666.656        9945.750        9926.500        9904.500;
   277    2.453       10666.656       10019.844       10000.406        9978.219;
   278    2.461       10666.656       10093.750       10074.406       10051.969;
   279    2.470       10666.656       10167.031       10148.188       10126.344;
   280    2.479       10666.656       10239.688       10222.875       10202.625;
   281    2.488       10666.656       10312.313       10296.313       10276.250;
   282    2.497       10666.656       10384.156       10366.156       10344.594;
   283    2.506       10666.656       10454.969       10437.250       10415.813;
   284    2.515       10666.656       10524.969       10507.031       10484.688;
   285    2.523       10666.656       10593.906       10577.250       10555.344;
   286    2.532       10666.656       10661.906       10646.688       10626.500;
   287    2.541       10666.656       10729.063       10713.563       10692.813;
   288    2.550       10666.656       10795.219       10779.000       10757.438;
   289    2.559       10666.656       10860.250       10844.719       10823.188;
   290    2.568       10666.656       10924.031       10908.406       10886.281;
   291    2.577       10666.656       10986.719       10971.656       10950.094;
   292    2.585       10666.656       11048.688       11034.656       11013.781;
   293    2.594       10666.656       11109.844       11095.938       11075.031;
   294    2.603       10666.656       11169.594       11154.969       11133.000;
   295    2.612       10666.656       11227.844       11212.750       11190.313;
   296    2.621       10666.656       11285.250       11268.406       11244.875;
   297    2.630       10666.656       11341.375       11324.906       11301.656;
   298    2.639       10666.656       11396.125       11379.625       11356.844;
   299    2.647       10666.656       11449.781       11434.750       11413.094;
   300    2.656       10666.656       11501.969       11486.813       11464.688;
   301    2.665       10666.656       11552.875       11537.469       11514.500;
   302    2.674       10666.656       11602.438       11586.250       11562.594;
   303    2.683       10666.656       11650.469       11634.375       11610.438;
   304    2.692       10666.656       11697.094       11680.563       11656.469;
   305    2.701       10666.656       11742.063       11725.094       11700.938;
   306    2.709       10666.656       11785.406       11769.063       11745.156;
   307    2.718       10666.656       11827.469       11812.313       11789.781;
   308    2.727       10666.656       11868.313       11854.156       11832.031;
   309    2.736       10666.656       11907.719       11893.438       11871.000;
   310    2.745       10666.656       11945.531       11930.781       11907.969;
   311    2.754       10666.656       11981.438       11966.625       11943.750;
   312    2.763       10666.656       12015.563       12000.875       11977.750;
   313    2.771       10666.656       12048.281       12032.844       12009.156;
   314    2.780       10666.656       12079.656       12064.250       12040.875;
   315    2.789       10666.656       12109.688       12093.781       12070.750;
   316    2.798       10666.656       12138.094       12122.469       12099.656;
   317    2.807       10666.656       12165.031       12150.000       12127.813;
   318    2.816       10666.656       12190.438       12176.188       12154.563;
   319    2.824       10666.656       12214.156       12200.313       12179.281;
   320    2.833       10666.656       12236.031       12222.688       12202.188;
   321    2.842       10666.656       12256.250       12243.250       12223.344;
   322    2.851       10666.656       12274.781       12262.063       12242.063;
   323    2.860       10666.656       12291.656       12278.938       12258.906;
   324    2.869       10666.656       12307.031       12294.125       12274.063;
   325    2.878       10666.656       12321.000       12308.188       12288.344;
   326    2.886       10666.656       12333.406       12321.000       12301.094;
   327    2.895       10666.656       12344.313       12331.844       12312.125;
   328    2.904       10666.656       12353.844       12341.313       12321.531;
   329    2.913       10666.656       12361.750       12349.344       12329.625;
   330    2.922       10666.656       12367.969       12355.438       12335.781;
   331    2.931       10666.656       12372.719       12360.281       12340.500;
   332    2.940       10666.656       12375.750       12363.313       12343.688;
   333    2.948       10666.656       12377.469       12365.063       12345.406;
   334    2.957       10666.656       12377.469       12365.469       12346.000;
   335    2.966       10666.656       12377.469       12365.469       12346.000;
   336    2.975       10666.656       12374.938       12364.000       12346.000;
   337    2.984       10666.656       12371.000       12361.875       12344.531;
   338    2.993       10666.656       12366.063       12358.094       12341.125;
   339    3.002       10666.656       12360.344       12353.625       12337.281;
   340    3.010       10666.656       12353.938       12348.094       12332.375;
   341    3.019       10666.656       12346.906       12341.906       12326.906;
   342    3.028       10666.656       12339.344       12335.031       12320.500;
   343    3.037       10666.656       12331.313       12327.625       12313.531;
   344    3.046       10666.656       12322.938       12319.781       12306.094;
   345    3.055       10666.656       12314.188       12311.438       12298.031;
   346    3.064       10666.656       12305.000       12302.688       12289.625;
   347    3.072       10666.656       12295.688       12293.625       12280.875;
   348    3.081       10666.656       12285.938       12284.344       12271.813;
   349    3.090       10666.656       12275.969       12274.781       12262.250;
   350    3.099       10666.656       12265.688       12264.719       12252.656;
   351    3.108       10666.656       12255.125       12254.313       12242.594;
   352    3.117       10666.656       12244.188       12243.656       12232.156;
   353    3.126       10666.656       12232.813       12232.594       12221.188;
   354    3.134       10666.656       12221.313       12221.031       12209.625;
   355    3.143       10666.656       12209.438       12209.250       12197.688;
   356    3.152       10666.656       12197.406       12196.906       12185.344;
   357    3.161       10666.656       12185.125       12184.750       12173.188;
   358    3.170       10666.656       12172.875       12172.438       12160.813;
   359    3.179       10666.656       12160.500       12160.156       12148.531;
   360    3.188       10666.656       12148.281       12147.875       12136.313;
   361    3.196       10666.656       12136.063       12135.500       12123.906;
   362    3.205       10666.656       12124.031       12123.531       12111.938;
   363    3.214       10666.656       12112.156       12111.688       12100.281;
   364    3.223       10666.656       12100.500       12100.156       12088.719;
   365    3.232       10666.656       12088.938       12089.031       12077.781;
   366    3.241       10666.656       12077.813       12078.063       12066.906;
   367    3.249       10666.656       12066.875       12067.469       12056.313;
   368    3.258       10666.656       12056.094       12056.875       12045.844;
   369    3.267       10666.656       12045.625       12046.531       12035.563;
   370    3.276       10666.656       12035.469       12036.375       12025.406;
   371    3.285       10666.656       12025.438       12026.688       12015.656;
   372    3.294       10666.656       12015.781       12016.969       12006.094;
   373    3.303       10666.656       12006.313       12007.625       11996.938;
   374    3.311       10666.656       11997.031       11998.719       11988.125;
   375    3.320       10666.656       11988.031       11989.875       11979.438;
   376    3.329       10666.656       11979.188       11981.250       11970.906;
   377    3.338       10666.656       11970.375       11972.594       11962.375;
   378    3.347       10666.656       11961.688       11964.031       11953.719;
   379    3.356       10666.656       11952.969       11955.563       11945.250;
   380    3.365       10666.656       11944.500       11947.031       11936.656;
   381    3.373       10666.656       11936.125       11938.625       11928.188;
   382    3.382       10666.656       11927.813       11930.219       11919.813;
   383    3.391       10666.656       11919.656       11922.125       11911.688;
   384    3.400       10666.656       11911.656       11914.063       11903.656;
   385    3.409       10666.656       11903.813       11906.250       11895.781;
   386    3.418       10666.656       11896.188       11898.656       11888.125;
   387    3.427       10666.656       11888.750       11891.188       11880.656;
   388    3.435       10666.656       11881.781       11883.969       11873.469;
   389    3.444       10666.656       11875.000       11877.063       11866.656;
   390    3.453       10666.656       11868.469       11870.500       11860.031;
   391    3.462       10666.656       11862.281       11864.281       11853.844;
   392    3.471       10666.656       11856.438       11858.469       11847.969;
   393    3.480       10666.656       11850.938       11852.750       11842.250;
   394    3.489       10666.656       11845.719       11847.500       11836.938;
   395    3.497       10666.656       11840.813       11842.719       11832.000;
   396    3.506       10666.656       11836.500       11837.969       11827.250;
   397    3.515       10666.656       11832.375       11833.875       11823.063;
   398    3.524       10666.656       11828.594       11829.969       11819.125;
   399    3.533       10666.656       11825.188       11826.688       11815.813;
   400    3.542       10666.656       11822.219       11823.438       11812.656;
   401    3.551       10666.656       11819.531       11820.594       11809.844;
   402    3.559       10666.656       11817.094       11818.344       11807.406;
   403    3.568       10666.656       11815.281       11816.125       11805.188;
   404    3.577       10666.656       11813.500       11814.438       11803.375;
   405    3.586       10666.656       11812.375       11813.031       11802.031;
   406    3.595       10666.656       11811.500       11812.125       11801.031;
   407    3.604       10666.656       11810.688       11811.500       11800.125;
   408    3.613       10666.656       11810.500       11811.094       11800.000;
   409    3.621       10666.656       11810.500       11810.500       11799.500;
   410    3.630       10666.656       11810.500       11810.500       11799.031;
   411    3.639       10666.656       11810.500       11810.500       11799.031;
   412    3.648       10666.656       11810.500       11810.500       11799.031;
   413    3.657       10666.656       11812.000       11810.500       11799.031;
   414    3.666       10666.656       11812.750       11812.000       11799.031;
   415    3.674       10666.656       11813.969       11812.000       11799.031;
   416    3.683       10666.656       11815.063       11813.188       11800.531;
   417    3.692       10666.656       11816.219       11814.094       11801.250;
   418    3.701       10666.656       11817.469       11814.938       11801.906;
   419    3.710       10666.656       11818.469       11815.750       11802.563;
   420    3.719       10666.656       11819.313       11816.469       11803.125;
   421    3.728       10666.656       11819.906       11817.156       11803.719;
   422    3.736       10666.656       11820.469       11817.469       11804.000;
   423    3.745       10666.656       11820.813       11817.813       11804.219;
   424    3.754       10666.656       11821.344       11818.250       11804.594;
   425    3.763       10666.656       11821.469       11818.469       11805.000;
   426    3.772       10666.656       11821.469       11818.469       11805.000;
   427    3.781       10666.656       11821.469       11818.469       11805.000;
   428    3.790       10666.656       11821.469       11818.469       11805.000;
   429    3.798       10666.656       11821.469       11818.469       11805.000;
   430    3.807       10666.656       11820.000       11818.469       11805.000;
   431    3.816       10666.656       11819.219       11817.000       11805.000;
   432    3.825       10666.656       11818.406       11817.000       11805.000;
   433    3.834       10666.656       11817.625       11816.219       11803.531;
   434    3.843       10666.656       11816.813       11815.625       11803.531;
   435    3.852       10666.656       11816.375       11815.250       11803.000;
   436    3.860       10666.656       11815.781       11814.750       11802.625;
   437    3.869       10666.656       11815.500       11814.500       11802.250;
   438    3.878       10666.656       11815.500       11814.500       11802.031;
   439    3.887       10666.656       11815.250       11814.406       11802.031;
   440    3.896       10666.656       11814.938       11814.188       11802.031;
   441    3.905       10666.656       11814.656       11813.938       11802.031;
   442    3.914       10666.656       11814.500       11813.688       11802.031;
   443    3.922       10666.656       11814.500       11813.500       11802.031;
   444    3.931       10666.656       11814.500       11813.500       11802.031;
   445    3.940       10666.656       11814.500       11813.500       11802.031;
   446    3.949       10666.656       11816.000       11813.500       11802.031;
   447    3.958       10666.656       11816.000       11813.500       11802.031;
   448    3.967       10666.656       11816.781       11815.000       11802.031;
   449    3.976       10666.656       11817.250       11815.000       11802.031;
   450    3.984       10666.656       11817.469       11815.000       11802.031;
   451    3.993       10666.656       11817.688       11815.000       11802.031;
   452    4.002           0.000       11818.031       11815.000       11802.031;
   453    4.011           0.000       11817.000       11815.000       11802.031;
   454    4.020           0.000       11806.500       11809.063       11798.500;
   455    4.029           0.000       11787.875       11791.313       11782.000;
   456    4.038           0.000       11760.375       11763.875       11754.719;
   457    4.046           0.000       11724.219       11727.000       11717.469;
   458    4.055           0.000       11680.000       11683.688       11674.375;
   459    4.064           0.000       11628.406       11633.219       11624.406;
   460    4.073           0.000       11569.406       11575.031       11566.625;
   461    4.082           0.000       11502.281       11508.688       11500.781;
   462    4.091           0.000       11426.781       11432.375       11424.000;
   463    4.099           0.000       11342.469       11347.000       11337.563;
   464    4.108           0.000       11248.938       11255.313       11247.438;
   465    4.117           0.000       11148.344       11156.344       11149.031;
   466    4.126           0.000       11040.156       11048.156       11041.219;
   467    4.135           0.000       10923.719       10931.500       10925.031;
   468    4.144           0.000       10798.969       10808.031       10802.969;
   469    4.153           0.000       10667.375       10676.500       10671.719;
   470    4.161           0.000       10528.594       10537.656       10531.688;
   471    4.170           0.000       10383.250       10390.406       10384.688;
   472    4.179           0.000       10232.219       10241.438       10237.188;
   473    4.188           0.000       10073.875       10078.688       10071.656;
   474    4.197           0.000        9908.750        9918.438        9915.438;
   475    4.206           0.000        9737.563        9743.875        9738.125;
   476    4.215           0.000        9559.781        9565.500        9559.625;
   477    4.223           0.000        9376.156        9385.063        9380.656;
   478    4.232           0.000        9186.219        9188.094        9180.438;
   479    4.241           0.000        8990.313        9003.969        9003.969;
   480    4.250           0.000        8788.844        8790.469        8783.313;
   481    4.259           0.000        8581.844        8596.031        8596.375;
   482    4.268           0.000        8369.938        8370.781        8365.688;
   483    4.277           0.000        8152.531        8165.875        8168.250;
   484    4.285           0.000        7930.281        7932.688        7929.031;
   485    4.294           0.000        7702.844        7715.031        7714.719;
   486    4.303           0.000        7472.250        7479.719        7478.625;
   487    4.312           0.000        7237.344        7246.063        7245.063;
   488    4.321           0.000        6998.438        7007.031        7007.094;
   489    4.330           0.000        6755.500        6763.531        6762.938;
   490    4.339           0.000        6509.031        6520.188        6521.844;
   491    4.347           0.000        6259.844        6267.250        6266.844;
   492    4.356           0.000        6007.156        6017.188        6018.750;
   493    4.365           0.000        5750.938        5759.188        5761.688;
   494    4.374           0.000        5491.781        5502.750        5506.906;
   495    4.383           0.000        5229.563        5239.250        5241.813;
   496    4.392           0.000        4965.844        4976.438        4980.156;
   497    4.401           0.000        4700.656        4709.688        4713.125;
   498    4.409           0.000        4432.875        4445.188        4450.031;
   499    4.418           0.000        4164.281        4175.594        4181.594;
   500    4.427           0.000        3894.281        3904.594        3910.031;
   501    4.436           0.000        3622.406        3636.500        3642.563;
   502    4.445           0.000        3352.250        3363.031        3369.813;
   503    4.454           0.000        3078.781        3089.375        3096.219;
   504    4.463           0.000        2804.688        2817.969        2824.375;
   505    4.471           0.000        2530.031        2542.281        2547.688;
   506    4.480           0.000        2255.500        2268.719        2275.969;
   507    4.489           0.000        1981.656        1996.563        2005.938;
   508    4.498           0.000        1709.094        1725.000        1736.344;
   509    4.507           0.000        1436.688        1451.125        1461.688;
   510    4.516           0.000        1165.969        1182.969        1193.906;
   511    4.524           0.000         895.563         913.344         924.719;
   512    4.533           0.000         626.531         644.500         656.344;
   513    4.542           0.000         360.281         376.844         387.844;
   514    4.551           0.000          94.938         114.313         127.250;
   515    4.560           0.000        -169.250        -150.000        -137.656;
   516    4.569           0.000        -430.625        -409.281        -398.000;
   517    4.578           0.000        -689.688        -668.438        -655.250;
   518    4.586           0.000        -945.625        -924.344        -910.375;
   519    4.595           0.000       -1199.313       -1180.281       -1168.281;
   520    4.604           0.000       -1450.906       -1430.688       -1417.500;
   521    4.613           0.000       -1699.063       -1680.375       -1668.938;
   522    4.622           0.000       -1943.875       -1921.813       -1908.594;
   523    4.631           0.000       -2185.906       -2165.875       -2153.563;
   524    4.640           0.000       -2422.781       -2403.688       -2391.875;
   525    4.648           0.000       -2656.688       -2636.031       -2622.344;
   526    4.657           0.000       -2886.375       -2868.594       -2857.781;
   527    4.666           0.000       -3111.781       -3091.219       -3079.469;
   528    4.675           0.000       -3333.750       -3317.250       -3307.031;
   529    4.684           0.000       -3550.375       -3533.406       -3522.563;
   530    4.693           0.000       -3762.219       -3744.594       -3732.938;
   531    4.702           0.000       -3968.656       -3953.281       -3943.719;
   532    4.710           0.000       -4170.250       -4154.719       -4143.375;
   533    4.719           0.000       -4366.156       -4353.281       -4342.656;
   534    4.728           0.000       -4556.875       -4544.063       -4532.781;
   535    4.737           0.000       -4742.344       -4730.969       -4721.438;
   536    4.746           0.000       -4922.656       -4909.250       -4898.688;
   537    4.755           0.000       -5097.594       -5083.188       -5071.250;
   538    4.764           0.000       -5266.656       -5255.406       -5244.938;
   539    4.772           0.000       -5430.094       -5414.063       -5400.875;
   540    4.781           0.000       -5587.125       -5581.406       -5575.875;
   541    4.790           0.000       -5737.594       -5721.594       -5709.000;
   542    4.799           0.000       -5881.469       -5876.250       -5870.875;
   543    4.808           0.000       -6018.406       -6009.875       -6001.188;
   544    4.817           0.000       -6149.375       -6139.094       -6129.406;
   545    4.826           0.000       -6273.781       -6268.219       -6263.531;
   546    4.834           0.000       -6391.094       -6383.625       -6376.406;
   547    4.843           0.000       -6501.563       -6494.406       -6486.875;
   548    4.852           0.000       -6605.438       -6598.406       -6591.313;
   549    4.861           0.000       -6702.594       -6698.594       -6694.063;
   550    4.870           0.000       -6792.750       -6787.094       -6780.781;
   551    4.879           0.000       -6875.813       -6869.719       -6862.719;
   552    4.888           0.000       -6951.875       -6945.813       -6939.438;
   553    4.896           0.000       -7020.719       -7014.219       -7008.313;
   554    4.905           0.000       -7082.906       -7079.875       -7076.188;
   555    4.914           0.000       -7138.813       -7136.188       -7132.625;
   556    4.923           0.000       -7187.750       -7185.063       -7181.094;
   557    4.932           0.000       -7229.313       -7226.563       -7222.813;
   558    4.941           0.000       -7263.031       -7260.844       -7257.344;
   559    4.949           0.000       -7289.531       -7287.844       -7284.281;
   560    4.958           0.000       -7308.813       -7307.656       -7304.438;
   561    4.967           0.000       -7320.781       -7319.969       -7317.094;
   562    4.976           0.000       -7325.844       -7325.531       -7323.375;
   563    4.985           0.000       -7326.500       -7326.500       -7323.969;
   564    4.994           0.000       -7316.750       -7320.125       -7319.750;
   565    5.003           0.000       -7301.250       -7306.563       -7307.250;
   566    5.011           0.000       -7279.406       -7286.531       -7288.625;
   567    5.020           0.000       -7251.188       -7260.219       -7263.531;
   568    5.029           0.000       -7216.750       -7227.188       -7231.750;
   569    5.038           0.000       -7176.250       -7188.188       -7193.781;
   570    5.047           0.000       -7130.156       -7142.938       -7150.094;
   571    5.056           0.000       -7078.719       -7091.938       -7098.750;
   572    5.065           0.000       -7022.438       -7035.719       -7042.094;
   573    5.073           0.000       -6961.750       -6975.219       -6981.750;
   574    5.082           0.000       -6896.219       -6911.469       -6918.813;
   575    5.091           0.000       -6826.000       -6843.594       -6852.438;
   576    5.100           0.000       -6750.875       -6769.031       -6778.469;
   577    5.109           0.000       -6671.031       -6688.125       -6697.469;
   578    5.118           0.000       -6586.625       -6603.375       -6612.656;
   579    5.127           0.000       -6497.656       -6514.563       -6523.250;
   580    5.135           0.000       -6404.563       -6425.000       -6435.563;
   581    5.144           0.000       -6306.938       -6325.688       -6336.000;
   582    5.153           0.000       -6204.594       -6223.594       -6234.469;
   583    5.162           0.000       -6098.375       -6117.094       -6127.875;
   584    5.171           0.000       -5987.781       -6008.656       -6020.438;
   585    5.180           0.000       -5873.281       -5894.719       -5906.719;
   586    5.189           0.000       -5754.469       -5773.906       -5783.500;
   587    5.197           0.000       -5631.875       -5653.125       -5663.563;
   588    5.206           0.000       -5506.219       -5527.188       -5537.844;
   589    5.215           0.000       -5376.875       -5397.656       -5407.906;
   590    5.224           0.000       -5244.500       -5262.719       -5271.594;
   591    5.233           0.000       -5108.844       -5129.156       -5139.250;
   592    5.242           0.000       -4970.219       -4989.344       -4997.719;
   593    5.251           0.000       -4828.531       -4847.469       -4855.844;
   594    5.259           0.000       -4683.844       -4706.313       -4715.656;
   595    5.268           0.000       -4536.469       -4558.188       -4566.438;
   596    5.277           0.000       -4387.250       -4406.750       -4414.969;
   597    5.286           0.000       -4235.594       -4260.031       -4270.438;
   598    5.295           0.000       -4081.813       -4099.969       -4107.094;
   599    5.304           0.000       -3925.500       -3948.125       -3958.250;
   600    5.313           0.000       -3767.531       -3790.094       -3799.938;
   601    5.321           0.000       -3607.406       -3624.500       -3631.625;
   602    5.330           0.000       -3444.531       -3472.313       -3484.094;
   603    5.339           0.000       -3280.625       -3298.188       -3304.469;
   604    5.348           0.000       -3114.406       -3137.500       -3147.875;
   605    5.357           0.000       -2947.188       -2968.750       -2977.969;
   606    5.366           0.000       -2778.656       -2794.781       -2801.156;
   607    5.374           0.000       -2609.438       -2635.875       -2648.000;
   608    5.383           0.000       -2439.438       -2452.281       -2456.281;
   609    5.392           0.000       -2268.188       -2293.656       -2304.625;
   610    5.401           0.000       -2097.250       -2114.656       -2120.375;
   611    5.410           0.000       -1925.063       -1943.688       -1949.813;
   612    5.419           0.000       -1751.844       -1776.719       -1785.781;
   613    5.428           0.000       -1578.656       -1591.875       -1593.969;
   614    5.436           0.000       -1405.250       -1436.313       -1447.188;
   615    5.445           0.000       -1233.594       -1245.438       -1246.063;
   616    5.454           0.000       -1062.438       -1087.875       -1097.594;
   617    5.463           0.000        -891.219        -907.906        -912.625;
   618    5.472           0.000        -719.281        -735.844        -740.844;
   619    5.481           0.000        -547.344        -571.219        -579.688;
   620    5.490           0.000        -376.156        -386.375        -388.031;
   621    5.498           0.000        -205.906        -230.781        -241.219;
   622    5.507           0.000         -36.531         -44.625         -45.094;
   623    5.516           0.000         132.625         108.719          98.719;
   624    5.525           0.000         300.000         285.688         281.188;
   625    5.534           0.000         466.125         448.969         442.781;
   626    5.543           0.000         631.125         609.125         600.156;
   627    5.552           0.000         795.156         784.156         781.688;
   628    5.560           0.000         959.031         933.281         922.750;
   629    5.569           0.000        1120.000        1107.406        1105.750;
   630    5.578           0.000        1279.344        1257.031        1249.250;
   631    5.587           0.000        1436.469        1417.469        1411.500;
   632    5.596           0.000        1592.125        1576.406        1572.000;
   633    5.605           0.000        1745.781        1723.000        1714.406;
   634    5.614           0.000        1897.375        1883.250        1880.000;
   635    5.622           0.000        2047.781        2028.094        2020.750;
   636    5.631           0.000        2196.375        2178.531        2172.250;
   637    5.640           0.000        2342.563        2326.156        2320.031;
   638    5.649           0.000        2486.219        2465.688        2455.469;
   639    5.658           0.000        2627.219        2609.813        2601.563;
   640    5.667           0.000        2764.906        2746.469        2736.938;
   641    5.676           0.000        2900.063        2878.656        2867.031;
   642    5.684           0.000        3031.719        3013.469        3004.719;
   643    5.693           0.000        3159.781        3140.219        3131.250;
   644    5.702           0.000        3284.375        3263.094        3252.281;
   645    5.711           0.000        3405.344        3385.281        3375.750;
   646    5.720           0.000        3522.344        3503.031        3494.875;
   647    5.729           0.000        3635.188        3614.313        3603.688;
   648    5.738           0.000        3744.250        3723.031        3711.406;
   649    5.746           0.000        3849.625        3830.031        3820.281;
   650    5.755           0.000        3951.281        3930.406        3920.313;
   651    5.764           0.000        4047.938        4025.656        4013.625;
   652    5.773           0.000        4140.688        4118.406        4105.688;
   653    5.782           0.000        4229.563        4209.594        4198.594;
   654    5.791           0.000        4314.094        4294.188        4283.469;
   655    5.799           0.000        4394.156        4373.531        4361.250;
   656    5.808           0.000        4470.219        4449.063        4435.594;
   657    5.817           0.000        4542.000        4521.156        4507.375;
   658    5.826           0.000        4609.813        4590.313        4577.469;
   659    5.835           0.000        4674.188        4654.344        4642.344;
   660    5.844           0.000        4734.281        4714.344        4702.344;
   661    5.853           0.000        4789.500        4767.875        4754.469;
   662    5.861           0.000        4840.156        4818.656        4805.094;
   663    5.870           0.000        4886.125        4864.156        4850.156;
   664    5.879           0.000        4927.844        4905.844        4892.375;
   665    5.888           0.000        4965.094        4943.594        4931.031;
   666    5.897           0.000        4998.063        4977.375        4965.406;
   667    5.906           0.000        5026.844        5006.125        4994.656;
   668    5.915           0.000        5051.250        5031.156        5020.594;
   669    5.923           0.000        5071.000        5051.188        5040.625;
   670    5.932           0.000        5086.125        5066.719        5056.406;
   671    5.941           0.000        5096.719        5077.156        5066.656;
   672    5.950           0.000        5102.906        5083.531        5073.188;
   673    5.959           0.000        5104.469        5085.469        5075.781;
   674    5.968           0.000        5104.469        5085.469        5076.000;
   675    5.977           0.000        5096.969        5080.313        5071.719;
   676    5.985           0.000        5085.875        5070.938        5063.219;
   677    5.994           0.000        5071.000        5057.469        5050.375;
   678    6.003           0.000        5052.531        5040.281        5034.031;
   679    6.012           0.000        5030.406        5019.031        5013.063;
   680    6.021           0.000        5005.031        4993.875        4988.219;
   681    6.030           0.000        4976.594        4966.031        4960.719;
   682    6.039           0.000        4945.125        4935.438        4930.313;
   683    6.047           0.000        4910.719        4901.500        4896.500;
   684    6.056           0.000        4873.594        4865.844        4861.469;
   685    6.065           0.000        4833.500        4826.844        4823.406;
   686    6.074           0.000        4790.375        4784.938        4782.781;
   687    6.083           0.000        4744.250        4739.781        4738.344;
   688    6.092           0.000        4695.063        4691.250        4690.031;
   689    6.101           0.000        4643.063        4639.281        4638.125;
   690    6.109           0.000        4588.750        4584.969        4583.938;
   691    6.118           0.000        4532.281        4528.531        4527.344;
   692    6.127           0.000        4473.688        4469.969        4468.906;
   693    6.136           0.000        4412.594        4410.156        4410.031;
   694    6.145           0.000        4348.969        4347.156        4347.969;
   695    6.154           0.000        4282.938        4281.125        4282.375;
   696    6.163           0.000        4214.656        4212.500        4214.031;
   697    6.171           0.000        4143.594        4141.813        4143.375;
   698    6.180           0.000        4070.750        4068.563        4069.469;
   699    6.189           0.000        3996.156        3994.875        3996.313;
   700    6.198           0.000        3919.531        3919.063        3921.844;
   701    6.207           0.000        3840.875        3840.781        3843.594;
   702    6.216           0.000        3760.688        3760.500        3762.438;
   703    6.224           0.000        3678.500        3679.000        3680.938;
   704    6.233           0.000        3594.750        3595.625        3597.563;
   705    6.242           0.000        3509.500        3511.500        3514.469;
   706    6.251           0.000        3422.406        3423.625        3426.875;
   707    6.260           0.000        3333.938        3334.906        3337.750;
   708    6.269           0.000        3243.375        3245.125        3248.125;
   709    6.278           0.000        3151.500        3153.156        3156.500;
   710    6.286           0.000        3058.406        3062.094        3066.313;
   711    6.295           0.000        2964.219        2967.375        2970.781;
   712    6.304           0.000        2868.719        2871.500        2874.406;
   713    6.313           0.000        2771.844        2774.375        2777.656;
   714    6.322           0.000        2674.250        2678.594        2683.031;
   715    6.331           0.000        2576.344        2581.156        2585.594;
   716    6.340           0.000        2478.250        2482.344        2486.281;
   717    6.348           0.000        2379.469        2383.313        2387.250;
   718    6.357           0.000        2280.625        2286.219        2291.656;
   719    6.366           0.000        2181.750        2188.625        2195.344;
   720    6.375           0.000        2083.281        2088.500        2094.313;
   721    6.384           0.000        1985.281        1991.406        1998.219;
   722    6.393           0.000        1887.375        1895.281        1903.656;
   723    6.402           0.000        1789.969        1798.000        1806.688;
   724    6.410           0.000        1693.313        1699.938        1707.875;
   725    6.419           0.000        1597.656        1604.344        1612.313;
   726    6.428           0.000        1502.375        1510.906        1520.281;
   727    6.437           0.000        1407.719        1416.781        1426.625;
   728    6.446           0.000        1313.938        1320.688        1329.531;
   729    6.455           0.000        1221.281        1228.156        1236.750;
   730    6.464           0.000        1129.094        1138.188        1147.188;
   731    6.472           0.000        1037.969        1048.500        1058.813;
   732    6.481           0.000         947.844         957.063         966.906;
   733    6.490           0.000         858.281         867.125         876.281;
   734    6.499           0.000         769.781         779.813         788.750;
   735    6.508           0.000         682.719         695.281         705.438;
   736    6.517           0.000         596.875         608.156         618.313;
   737    6.526           0.000         512.063         521.844         531.000;
   738    6.534           0.000         428.625         437.406         445.750;
   739    6.543           0.000         346.125         357.719         367.906;
   740    6.552           0.000         264.469         276.563         287.094;
   741    6.561           0.000         184.188         194.656         204.188;
   742    6.570           0.000         105.063         114.281         123.063;
   743    6.579           0.000          27.156          36.875          45.750;
   744    6.588           0.000         -49.688         -37.031         -26.781;
   745    6.596           0.000        -125.094        -112.156        -100.875;
   746    6.605           0.000        -198.875        -186.594        -175.125;
   747    6.614           0.000        -270.938        -259.781        -249.719;
   748    6.623           0.000        -341.063        -329.938        -320.719;
   749    6.632           0.000        -409.500        -396.656        -386.719;
   750    6.641           0.000        -476.094        -461.875        -450.688;
   751    6.649           0.000        -540.656        -526.188        -514.531;
   752    6.658           0.000        -602.750        -589.031        -578.000;
   753    6.667           0.000        -662.750        -650.438        -639.844;
   754    6.676           0.000        -720.688        -708.875        -699.031;
   755    6.685           0.000        -776.625        -763.719        -753.375;
   756    6.694           0.000        -830.344        -816.313        -805.563;
   757    6.703           0.000        -881.875        -867.156        -856.000;
   758    6.711           0.000        -931.313        -916.531        -904.844;
   759    6.720           0.000        -978.625        -964.656        -953.438;
   760    6.729           0.000       -1023.750       -1011.313       -1000.844;
   761    6.738           0.000       -1066.344       -1054.813       -1045.344;
   762    6.747           0.000       -1106.469       -1096.156       -1087.000;
   763    6.756           0.000       -1144.313       -1133.813       -1125.094;
   764    6.765           0.000       -1180.063       -1168.563       -1159.094;
   765    6.773           0.000       -1213.656       -1201.219       -1191.219;
   766    6.782           0.000       -1245.188       -1232.031       -1221.719;
   767    6.791           0.000       -1274.344       -1260.938       -1250.750;
   768    6.800           0.000       -1301.406       -1288.281       -1278.063;
   769    6.809           0.000       -1325.875       -1313.031       -1302.781;
   770    6.818           0.000       -1347.906       -1335.719       -1325.781;
   771    6.827           0.000       -1367.406       -1355.750       -1346.281;
   772    6.835           0.000       -1384.500       -1373.250       -1364.406;
   773    6.844           0.000       -1399.000       -1388.219       -1379.406;
   774    6.853           0.000       -1411.313       -1401.000       -1392.406;
   775    6.862           0.000       -1421.469       -1411.469       -1403.094;
   776    6.871           0.000       -1429.250       -1419.594       -1411.531;
   777    6.880           0.000       -1434.688       -1425.531       -1417.781;
   778    6.889           0.000       -1438.250       -1429.219       -1421.844;
   779    6.897           0.000       -1439.500       -1430.938       -1423.656;
   780    6.906           0.000       -1439.500       -1431.500       -1423.969;
   781    6.915           0.000       -1438.000       -1431.500       -1423.969;
   782    6.924           0.000       -1432.781       -1427.406       -1421.750;
   783    6.933           0.000       -1426.219       -1422.094       -1417.250;
   784    6.942           0.000       -1417.969       -1415.000       -1410.844;
   785    6.951           0.000       -1408.219       -1406.281       -1402.625;
   786    6.959           0.000       -1397.156       -1396.188       -1392.875;
   787    6.968           0.000       -1384.844       -1384.500       -1381.719;
   788    6.977           0.000       -1371.250       -1371.688       -1369.156;
   789    6.986           0.000       -1356.406       -1357.406       -1355.406;
   790    6.995           0.000       -1340.375       -1341.719       -1340.000;
   791    7.004           0.000       -1323.313       -1325.125       -1323.688;
   792    7.013           0.000       -1305.188       -1307.281       -1306.313;
   793    7.021           0.000       -1286.188       -1288.625       -1288.125;
   794    7.030           0.000       -1266.250       -1269.281       -1269.375;
   795    7.039           0.000       -1245.688       -1249.219       -1249.719;
   796    7.048           0.000       -1224.438       -1228.406       -1229.281;
   797    7.057           0.000       -1202.750       -1207.094       -1208.625;
   798    7.066           0.000       -1180.406       -1185.563       -1187.406;
   799    7.074           0.000       -1157.688       -1163.313       -1165.375;
   800    7.083           0.000       -1134.281       -1140.469       -1142.875;
   801    7.092           0.000       -1110.188       -1116.750       -1119.250;
   802    7.101           0.000       -1085.313       -1091.781       -1093.969;
   803    7.110           0.000       -1059.781       -1066.313       -1068.438;
   804    7.119           0.000       -1033.656       -1040.156       -1042.156;
   805    7.128           0.000       -1006.875       -1013.500       -1015.469;
   806    7.136           0.000        -979.531        -986.031        -987.938;
   807    7.145           0.000        -951.531        -957.688        -959.781;
   808    7.154           0.000        -922.906        -929.094        -931.219;
   809    7.163           0.000        -893.875        -900.531        -903.313;
   810    7.172           0.000        -864.250        -870.500        -873.406;
   811    7.181           0.000        -834.375        -840.625        -843.719;
   812    7.190           0.000        -804.063        -810.000        -813.250;
   813    7.198           0.000        -773.438        -779.219        -782.438;
   814    7.207           0.000        -742.188        -748.188        -751.250;
   815    7.216           0.000        -710.719        -717.125        -720.031;
   816    7.225           0.000        -678.969        -685.750        -688.906;
   817    7.234           0.000        -646.906        -653.969        -657.000;
   818    7.243           0.000        -614.500        -621.531        -624.531;
   819    7.252           0.000        -581.813        -588.719        -591.438;
   820    7.260           0.000        -548.656        -555.688        -558.594;
   821    7.269           0.000        -515.375        -522.469        -525.688;
   822    7.278           0.000        -481.813        -488.125        -491.250;
   823    7.287           0.000        -447.969        -454.875        -458.625;
   824    7.296           0.000        -414.156        -420.656        -424.094;
   825    7.305           0.000        -380.094        -387.125        -390.875;
   826    7.314           0.000        -346.219        -353.094        -356.375;
   827    7.322           0.000        -312.344        -319.688        -323.219;
   828    7.331           0.000        -278.844        -285.938        -289.031;
   829    7.340           0.000        -245.625        -253.063        -256.125;
   830    7.349           0.000        -212.531        -219.625        -222.406;
   831    7.358           0.000        -179.844        -186.625        -189.688;
   832    7.367           0.000        -147.469        -154.250        -157.438;
   833    7.376           0.000        -115.438        -121.750        -124.781;
   834    7.384           0.000         -83.813         -90.188         -93.719;
   835    7.393           0.000         -52.656         -58.969         -62.781;
   836    7.402           0.000         -22.250         -28.563         -32.281;
   837    7.411           0.000           7.844           1.125          -2.938;
   838    7.420           0.000          37.344          30.156          26.063;
   839    7.429           0.000          66.344          58.750          54.531;
   840    7.438           0.000          95.031          86.844          82.563;
   841    7.446           0.000         123.125         114.625         110.563;
   842    7.455           0.000         150.438         141.813         137.625;
   843    7.464           0.000         177.125         168.938         164.875;
   844    7.473           0.000         203.094         195.125         191.688;
   845    7.482           0.000         228.156         220.500         217.031;
   846    7.491           0.000         252.344         244.438         240.813;
   847    7.499           0.000         275.656         268.188         264.781;
   848    7.508           0.000         298.094         290.688         287.250;
   849    7.517           0.000         320.094         313.000         309.406;
   850    7.526           0.000         341.406         333.906         330.125;
   851    7.535           0.000         362.031         354.563         350.844;
   852    7.544           0.000         382.156         374.469         370.625;
   853    7.553           0.000         401.500         393.625         389.531;
   854    7.561           0.000         420.125         412.000         408.125;
   855    7.570           0.000         437.719         429.313         425.219;
   856    7.579           0.000         454.500         446.031         442.031;
   857    7.588           0.000         470.313         461.781         457.781;
   858    7.597           0.000         485.188         476.625         472.688;
   859    7.606           0.000         499.063         490.469         486.719;
   860    7.615           0.000         511.906         503.406         499.906;
   861    7.623           0.000         523.750         515.313         511.906;
   862    7.632           0.000         534.625         526.469         523.000;
   863    7.641           0.000         544.656         536.750         533.281;
   864    7.650           0.000         553.906         546.250         543.000;
   865    7.659           0.000         562.594         554.844         551.719;
   866    7.668           0.000         570.563         562.969         559.906;
   867    7.677           0.000         577.844         570.469         567.375;
   868    7.685           0.000         584.594         577.375         574.313;
   869    7.694           0.000         590.719         583.375         580.375;
   870    7.703           0.000         596.250         588.938         585.906;
   871    7.712           0.000         601.094         594.031         591.125;
   872    7.721           0.000         605.438         598.281         595.469;
   873    7.730           0.000         609.094         602.219         599.375;
   874    7.739           0.000         612.313         605.344         602.594;
   875    7.747           0.000         614.813         608.031         605.281;
   876    7.756           0.000         616.781         610.188         607.500;
   877    7.765           0.000         618.250         611.531         609.000;
   878    7.774           0.000         619.313         612.469         610.000;
   879    7.783           0.000         619.469         613.438         610.938;
   880    7.792           0.000         619.469         613.469         611.000;
   881    7.801           0.000         619.469         613.469         611.000;
   882    7.809           0.000         619.469         613.469         611.000;
   883    7.818           0.000         617.281         612.000         611.000;
   884    7.827           0.000         615.250         611.125         609.531;
   885    7.836           0.000         613.000         609.281         608.469;
   886    7.845           0.000         610.500         607.313         606.625;
   887    7.854           0.000         607.906         605.188         604.844;
   888    7.863           0.000         605.281         603.125         602.781;
   889    7.871           0.000         602.500         600.688         600.844;
   890    7.880           0.000         599.875         598.344         598.594;
   891    7.889           0.000         597.281         596.063         596.531;
   892    7.898           0.000         594.625         593.875         594.313;
   893    7.907           0.000         592.313         591.531         592.469;
   894    7.916           0.000         590.031         589.500         590.313;
   895    7.924           0.000         587.844         587.563         588.563;
   896    7.933           0.000         585.844         585.750         586.688;
   897    7.942           0.000         584.000         583.938         585.094;
   898    7.951           0.000         582.375         582.469         583.719;
   899    7.960           0.000         580.906         581.063         582.219;
   900    7.969           0.000         579.563         579.875         581.094;
   901    7.978           0.000         578.500         578.938         580.188;
   902    7.986           0.000         577.531         578.094         579.250]
