 Sample   Time     Commanded Pos   Encoder 1 Pos   Encoder 2 Pos   Encoder 3 Pos 

[    0    0.000       10666.656           1.000           1.000           1.000;
     1    0.009       10666.656           8.250           5.125           3.281;
     2    0.018       10666.656          36.719          30.469          27.688;
     3    0.027       10666.656          78.438          71.719          69.000;
     4    0.035       10666.656         131.031         125.031         122.031;
     5    0.044       10666.656         193.500         187.344         184.438;
     6    0.053       10666.656         263.469         256.938         253.469;
     7    0.062       10666.656         339.188         332.344         328.250;
     8    0.071       10666.656         418.875         410.531         405.000;
     9    0.080       10666.656         502.938         495.406         490.469;
    10    0.089       10666.656         590.313         581.656         575.813;
    11    0.097       10666.656         679.938         671.375         665.750;
    12    0.106       10666.656         770.969         761.969         755.688;
    13    0.115       10666.656         863.813         854.469         847.625;
    14    0.124       10666.656         957.313         948.500         942.125;
    15    0.133       10666.656        1051.469        1041.844        1036.188;
    16    0.142       10666.656        1146.031        1136.938        1131.594;
    17    0.151       10666.656        1240.656        1229.625        1222.625;
    18    0.159       10666.656        1335.375        1325.125        1318.906;
    19    0.168       10666.656        1429.563        1418.781        1413.750;
    20    0.177       10666.656        1523.469        1512.875        1507.656;
    21    0.186       10666.656        1616.844        1604.219        1597.156;
    22    0.195       10666.656        1709.281        1697.125        1690.281;
    23    0.204       10666.656        1801.438        1788.844        1782.156;
    24    0.213       10666.656        1893.313        1880.781        1874.750;
    25    0.221       10666.656        1984.031        1969.719        1961.813;
    26    0.230       10666.656        2073.938        2059.000        2050.250;
    27    0.239       10666.656        2163.438        2149.875        2141.563;
    28    0.248       10666.656        2251.938        2239.094        2231.094;
    29    0.257       10666.656        2340.000        2327.469        2318.438;
    30    0.266       10666.656        2427.875        2413.156        2401.875;
    31    0.274       10666.656        2514.938        2500.969        2490.219;
    32    0.283       10666.656        2601.469        2588.406        2577.750;
    33    0.292       10666.656        2687.656        2674.531        2664.344;
    34    0.301       10666.656        2772.938        2757.344        2745.188;
    35    0.310       10666.656        2857.375        2840.656        2828.531;
    36    0.319       10666.656        2941.063        2924.813        2913.688;
    37    0.328       10666.656        3023.813        3008.000        2997.625;
    38    0.336       10666.656        3105.625        3090.438        3079.781;
    39    0.345       10666.656        3186.438        3168.563        3155.750;
    40    0.354       10666.656        3266.063        3248.438        3235.563;
    41    0.363       10666.656        3344.688        3327.188        3314.063;
    42    0.372       10666.656        3422.563        3407.063        3394.875;
    43    0.381       10666.656        3499.719        3483.781        3470.781;
    44    0.390       10666.656        3575.406        3557.719        3542.781;
    45    0.398       10666.656        3650.063        3631.375        3616.313;
    46    0.407       10666.656        3723.875        3704.438        3689.313;
    47    0.416       10666.656        3796.500        3779.125        3765.000;
    48    0.425       10666.656        3868.438        3851.250        3837.000;
    49    0.434       10666.656        3939.406        3920.250        3904.219;
    50    0.443       10666.656        4009.219        3990.000        3973.094;
    51    0.452       10666.656        4077.938        4058.906        4042.313;
    52    0.460       10666.656        4145.750        4127.313        4111.656;
    53    0.469       10666.656        4212.750        4196.063        4181.656;
    54    0.478       10666.656        4278.719        4262.563        4248.281;
    55    0.487       10666.656        4344.281        4327.313        4312.219;
    56    0.496       10666.656        4408.875        4391.188        4375.125;
    57    0.505       10666.656        4472.969        4454.781        4437.906;
    58    0.514       10666.656        4536.531        4518.563        4501.625;
    59    0.522       10666.656        4599.250        4582.563        4566.469;
    60    0.531       10666.656        4661.219        4644.594        4628.438;
    61    0.540       10666.656        4722.563        4703.750        4686.563;
    62    0.549       10666.656        4783.188        4763.781        4746.219;
    63    0.558       10666.656        4842.844        4822.625        4804.250;
    64    0.567       10666.656        4901.906        4881.500        4863.906;
    65    0.576       10666.656        4960.625        4940.781        4924.594;
    66    0.584       10666.656        5018.813        4999.719        4984.500;
    67    0.593       10666.656        5076.906        5058.438        5043.500;
    68    0.602       10666.656        5134.125        5115.000        5098.656;
    69    0.611       10666.656        5190.813        5171.219        5154.250;
    70    0.620       10666.656        5247.219        5227.063        5210.094;
    71    0.629       10666.656        5303.156        5283.000        5266.313;
    72    0.638       10666.656        5358.344        5339.188        5323.281;
    73    0.646       10666.656        5413.219        5395.531        5380.781;
    74    0.655       10666.656        5467.656        5449.844        5435.063;
    75    0.664       10666.656        5521.563        5502.031        5486.031;
    76    0.673       10666.656        5575.031        5555.281        5539.156;
    77    0.682       10666.656        5627.781        5607.656        5590.750;
    78    0.691       10666.656        5679.750        5659.531        5642.656;
    79    0.699       10666.656        5730.750        5711.469        5695.219;
    80    0.708       10666.656        5781.281        5763.000        5748.125;
    81    0.717       10666.656        5831.281        5813.063        5798.469;
    82    0.726       10666.656        5880.750        5862.000        5846.500;
    83    0.735       10666.656        5929.375        5909.875        5893.531;
    84    0.744       10666.656        5977.188        5957.125        5940.656;
    85    0.753       10666.656        6024.500        6003.750        5987.156;
    86    0.761       10666.656        6071.250        6050.188        6033.344;
    87    0.770       10666.656        6117.406        6096.813        6080.094;
    88    0.779       10666.656        6162.875        6143.281        6127.500;
    89    0.788       10666.656        6207.656        6189.188        6173.656;
    90    0.797       10666.656        6251.656        6233.063        6217.344;
    91    0.806       10666.656        6295.250        6275.500        6259.219;
    92    0.815       10666.656        6338.406        6318.750        6302.125;
    93    0.823       10666.656        6381.188        6360.906        6344.219;
    94    0.832       10666.656        6423.344        6402.875        6385.594;
    95    0.841       10666.656        6464.719        6444.313        6427.188;
    96    0.850       10666.656        6505.250        6485.094        6468.000;
    97    0.859       10666.656        6545.281        6526.344        6509.719;
    98    0.868       10666.656        6585.000        6566.813        6550.656;
    99    0.877       10666.656        6624.406        6606.938        6590.719;
   100    0.885       10666.656        6663.469        6645.781        6629.063;
   101    0.894       10666.656        6702.000        6684.219        6667.688;
   102    0.903       10666.656        6740.094        6721.719        6704.594;
   103    0.912       10666.656        6777.438        6758.469        6740.750;
   104    0.921       10666.656        6814.313        6795.125        6777.125;
   105    0.930       10666.656        6850.906        6831.688        6813.563;
   106    0.939       10666.656        6887.219        6867.969        6849.813;
   107    0.947       10666.656        6922.938        6903.875        6885.656;
   108    0.956       10666.656        6958.094        6940.125        6922.531;
   109    0.965       10666.656        6992.688        6974.938        6957.406;
   110    0.974       10666.656        7026.469        7008.844        6991.219;
   111    0.983       10666.656        7060.156        7041.938        7023.656;
   112    0.992       10666.656        7093.594        7075.094        7056.375;
   113    1.001       10666.656        7126.875        7107.906        7088.813;
   114    1.009       10666.656        7160.125        7140.594        7121.156;
   115    1.018       10666.656        7192.938        7172.969        7153.188;
   116    1.027       10666.656        7225.250        7205.188        7185.313;
   117    1.036       10666.656        7257.125        7237.156        7217.156;
   118    1.045       10666.656        7288.500        7268.438        7248.500;
   119    1.054       10666.656        7319.406        7300.188        7280.688;
   120    1.063       10666.656        7350.094        7332.031        7313.406;
   121    1.071       10666.656        7380.719        7362.969        7344.875;
   122    1.080       10666.656        7410.844        7393.438        7375.531;
   123    1.089       10666.656        7441.063        7423.219        7405.031;
   124    1.098       10666.656        7470.781        7453.063        7434.625;
   125    1.107       10666.656        7500.531        7482.031        7463.156;
   126    1.116       10666.656        7529.625        7510.844        7491.719;
   127    1.124       10666.656        7558.344        7539.188        7519.969;
   128    1.133       10666.656        7587.063        7567.719        7548.438;
   129    1.142       10666.656        7615.750        7596.281        7576.844;
   130    1.151       10666.656        7644.438        7625.031        7605.531;
   131    1.160       10666.656        7673.063        7653.938        7634.281;
   132    1.169       10666.656        7701.531        7682.656        7663.375;
   133    1.178       10666.656        7729.844        7711.375        7692.781;
   134    1.186       10666.656        7757.750        7739.844        7721.750;
   135    1.195       10666.656        7785.313        7767.625        7749.781;
   136    1.204       10666.656        7812.375        7794.531        7776.563;
   137    1.213       10666.656        7838.781        7820.563        7802.313;
   138    1.222       10666.656        7865.219        7846.656        7828.156;
   139    1.231       10666.656        7891.344        7872.625        7853.906;
   140    1.240       10666.656        7917.219        7898.438        7879.344;
   141    1.248       10666.656        7942.875        7924.094        7904.906;
   142    1.257       10666.656        7968.688        7949.531        7930.125;
   143    1.266       10666.656        7993.969        7975.000        7955.594;
   144    1.275       10666.656        8019.094        8000.000        7980.563;
   145    1.284       10666.656        8043.906        8025.031        8005.656;
   146    1.293       10666.656        8068.375        8049.375        8029.906;
   147    1.302       10666.656        8092.469        8074.188        8055.094;
   148    1.310       10666.656        8116.406        8098.406        8079.469;
   149    1.319       10666.656        8140.188        8123.063        8105.000;
   150    1.328       10666.656        8164.000        8147.219        8129.594;
   151    1.337       10666.656        8187.750        8171.813        8154.875;
   152    1.346       10666.656        8211.313        8195.750        8179.188;
   153    1.355       10666.656        8234.625        8219.438        8202.969;
   154    1.364       10666.656        8257.688        8241.875        8224.938;
   155    1.372       10666.656        8280.313        8264.344        8247.188;
   156    1.381       10666.656        8302.156        8286.250        8268.781;
   157    1.390       10666.656        8323.688        8307.688        8290.188;
   158    1.399       10666.656        8344.531        8328.438        8310.906;
   159    1.408       10666.656        8364.938        8348.875        8331.156;
   160    1.417       10666.656        8385.031        8368.719        8350.875;
   161    1.426       10666.656        8405.031        8388.563        8370.500;
   162    1.434       10666.656        8425.031        8408.344        8390.156;
   163    1.443       10666.656        8445.000        8428.219        8409.938;
   164    1.452       10666.656        8464.813        8448.219        8430.031;
   165    1.461       10666.656        8484.469        8468.438        8450.313;
   166    1.470       10666.656        8503.969        8487.688        8469.469;
   167    1.479       10666.656        8523.125        8507.438        8489.750;
   168    1.488       10666.656        8542.000        8526.781        8509.125;
   169    1.496       10666.656        8560.719        8545.875        8528.719;
   170    1.505       10666.656        8578.844        8564.469        8547.625;
   171    1.514       10666.656        8596.938        8582.813        8566.156;
   172    1.523       10666.656        8614.375        8600.625        8584.375;
   173    1.532       10666.656        8631.969        8617.750        8601.313;
   174    1.541       10666.656        8649.156        8635.000        8618.438;
   175    1.549       10666.656        8666.281        8652.219        8635.656;
   176    1.558       10666.656        8683.438        8669.469        8652.625;
   177    1.567       10666.656        8700.438        8686.000        8668.844;
   178    1.576       10666.656        8717.094        8703.031        8686.031;
   179    1.585       10666.656        8733.625        8719.344        8701.969;
   180    1.594       10666.656        8749.813        8735.906        8718.625;
   181    1.603       10666.656        8765.688        8751.563        8734.125;
   182    1.611       10666.656        8781.188        8767.344        8750.063;
   183    1.620       10666.656        8796.438        8782.531        8765.063;
   184    1.629       10666.656        8811.188        8797.469        8780.031;
   185    1.638       10666.656        8825.625        8811.844        8794.438;
   186    1.647       10666.656        8839.844        8825.938        8808.469;
   187    1.656       10666.656        8853.563        8839.813        8822.375;
   188    1.665       10666.656        8867.156        8853.500        8836.063;
   189    1.673       10666.656        8880.531        8866.688        8849.344;
   190    1.682       10666.656        8893.625        8879.813        8862.594;
   191    1.691       10666.656        8906.813        8893.031        8875.875;
   192    1.700       10666.656        8920.188        8906.375        8889.469;
   193    1.709       10666.656        8933.469        8919.625        8902.719;
   194    1.718       10666.656        8946.844        8933.219        8916.250;
   195    1.727       10666.656        8960.344        8946.781        8930.063;
   196    1.735       10666.656        8973.563        8960.375        8943.844;
   197    1.744       10666.656        8986.844        8974.031        8957.500;
   198    1.753       10666.656        9000.250        8987.344        8971.125;
   199    1.762       10666.656        9013.313        9000.531        8984.250;
   200    1.771       10666.656        9026.313        9013.750        8997.313;
   201    1.780       10666.656        9039.156        9026.344        9010.000;
   202    1.789       10666.656        9051.719        9038.906        9022.219;
   203    1.797       10666.656        9064.000        9051.000        9034.375;
   204    1.806       10666.656        9075.875        9063.000        9046.125;
   205    1.815       10666.656        9087.563        9074.531        9057.719;
   206    1.824       10666.656        9098.688        9085.969        9068.938;
   207    1.833       10666.656        9109.625        9096.750        9079.688;
   208    1.842       10666.656        9120.375        9107.375        9090.219;
   209    1.851       10666.656        9130.594        9117.969        9100.625;
   210    1.859       10666.656        9140.750        9127.875        9110.531;
   211    1.868       10666.656        9150.500        9137.719        9120.250;
   212    1.877       10666.656        9160.406        9147.313        9129.688;
   213    1.886       10666.656        9169.969        9156.969        9139.281;
   214    1.895       10666.656        9179.563        9166.250        9148.344;
   215    1.904       10666.656        9189.000        9175.313        9157.313;
   216    1.913       10666.656        9198.281        9184.438        9166.375;
   217    1.921       10666.656        9207.781        9193.625        9175.438;
   218    1.930       10666.656        9217.000        9202.781        9184.531;
   219    1.939       10666.656        9226.156        9211.781        9193.438;
   220    1.948       10666.656        9235.438        9220.969        9202.594;
   221    1.957       10666.656        9244.750        9230.188        9211.844;
   222    1.966       10666.656        9253.938        9239.344        9221.000;
   223    1.974       10666.656        9263.375        9248.563        9230.313;
   224    1.983       10666.656        9272.688        9257.813        9239.531;
   225    1.992       10666.656        9281.875        9266.969        9248.719;
   226    2.001       10666.656        9291.063        9276.063        9257.719;
   227    2.010       10666.656        9300.125        9284.969        9266.531;
   228    2.019       10666.656        9309.000        9293.906        9275.469;
   229    2.028       10666.656        9317.719        9302.625        9284.188;
   230    2.036       10666.656        9326.313        9311.219        9293.000;
   231    2.045       10666.656        9334.719        9319.813        9301.719;
   232    2.054       10666.656        9343.094        9328.188        9310.281;
   233    2.063       10666.656        9351.188        9336.438        9318.750;
   234    2.072       10666.656        9359.125        9344.469        9326.906;
   235    2.081       10666.656        9366.781        9352.406        9335.000;
   236    2.090       10666.656        9374.500        9360.313        9343.000;
   237    2.098       10666.656        9382.063        9368.156        9351.000;
   238    2.107       10666.656        9389.531        9375.750        9358.625;
   239    2.116       10666.656        9396.969        9383.219        9366.125;
   240    2.125       10666.656        9404.188        9390.594        9373.438;
   241    2.134       10666.656        9411.313        9397.781        9380.625;
   242    2.143       10666.656        9418.406        9404.844        9387.781;
   243    2.152       10666.656        9425.594        9411.875        9394.750;
   244    2.160       10666.656        9432.906        9419.125        9401.938;
   245    2.169       10666.656        9440.188        9426.438        9409.156;
   246    2.178       10666.656        9447.625        9433.906        9416.656;
   247    2.187       10666.656        9455.094        9441.313        9423.875;
   248    2.196       10666.656        9462.625        9449.063        9431.594;
   249    2.205       10666.656        9470.313        9456.719        9439.219;
   250    2.214       10666.656        9478.031        9464.375        9446.688;
   251    2.222       10666.656        9485.750        9472.125        9454.375;
   252    2.231       10666.656        9493.438        9479.688        9461.813;
   253    2.240       10666.656        9501.094        9487.344        9469.406;
   254    2.249       10666.656        9508.750        9494.969        9476.813;
   255    2.258       10666.656        9516.188        9502.281        9484.031;
   256    2.267       10666.656        9523.531        9509.625        9491.281;
   257    2.276       10666.656        9530.750        9516.813        9498.469;
   258    2.284       10666.656        9537.938        9524.031        9505.688;
   259    2.293       10666.656        9545.000        9530.969        9512.563;
   260    2.302       10666.656        9551.969        9537.781        9519.281;
   261    2.311       10666.656        9558.531        9544.406        9525.938;
   262    2.320       10666.656        9565.188        9551.000        9532.531;
   263    2.329       10666.656        9571.625        9557.563        9539.094;
   264    2.338       10666.656        9577.813        9563.563        9545.125;
   265    2.346       10666.656        9583.969        9569.594        9551.094;
   266    2.355       10666.656        9589.688        9575.375        9556.906;
   267    2.364       10666.656        9595.406        9581.063        9562.531;
   268    2.373       10666.656        9600.938        9586.406        9567.875;
   269    2.382       10666.656        9606.094        9591.625        9573.125;
   270    2.391       10666.656        9611.250        9596.688        9578.125;
   271    2.399       10666.656        9616.156        9601.438        9582.844;
   272    2.408       10666.656        9620.875        9606.250        9587.625;
   273    2.417       10666.656        9625.250        9610.656        9592.125;
   274    2.426       10666.656        9629.531        9615.000        9596.406;
   275    2.435       10666.656        9633.688        9619.031        9600.531;
   276    2.444       10666.656        9637.625        9623.000        9604.531;
   277    2.453       10666.656        9641.469        9626.750        9608.281;
   278    2.461       10666.656        9645.156        9630.500        9612.000;
   279    2.470       10666.656        9648.750        9633.938        9615.469;
   280    2.479       10666.656        9652.125        9637.438        9618.969;
   281    2.488       10666.656        9655.375        9640.500        9622.156;
   282    2.497       10666.656        9658.375        9643.594        9625.281;
   283    2.506       10666.656        9661.313        9646.656        9628.281;
   284    2.515       10666.656        9664.219        9649.313        9631.000;
   285    2.523       10666.656        9667.094        9652.188        9633.813;
   286    2.532       10666.656        9670.094        9655.188        9636.875;
   287    2.541       10666.656        9673.375        9658.313        9639.906;
   288    2.550       10666.656        9676.781        9661.719        9643.250;
   289    2.559       10666.656        9680.188        9664.875        9646.500;
   290    2.568       10666.656        9683.750        9668.500        9650.000;
   291    2.577       10666.656        9687.438        9671.969        9653.500;
   292    2.585       10666.656        9691.156        9675.719        9657.219;
   293    2.594       10666.656        9695.031        9679.563        9661.063;
   294    2.603       10666.656        9699.031        9683.563        9665.094;
   295    2.612       10666.656        9703.188        9687.688        9669.219;
   296    2.621       10666.656        9707.406        9692.031        9673.531;
   297    2.630       10666.656        9711.875        9696.375        9677.906;
   298    2.639       10666.656        9716.438        9701.094        9682.594;
   299    2.647       10666.656        9721.031        9705.656        9687.281;
   300    2.656       10666.656        9725.750        9710.625        9692.250;
   301    2.665       10666.656        9730.563        9715.375        9697.156;
   302    2.674       10666.656        9735.563        9720.438        9702.344;
   303    2.683       10666.656        9740.500        9725.719        9707.625;
   304    2.692       10666.656        9745.406        9730.719        9712.844;
   305    2.701       10666.656        9750.344        9735.875        9718.063;
   306    2.709       10666.656        9755.469        9741.125        9723.344;
   307    2.718       10666.656        9760.531        9746.219        9728.563;
   308    2.727       10666.656        9765.563        9751.438        9733.844;
   309    2.736       10666.656        9770.594        9756.750        9739.250;
   310    2.745       10666.656        9775.813        9761.938        9744.594;
   311    2.754       10666.656        9780.875        9767.188        9749.906;
   312    2.763       10666.656        9785.813        9772.438        9755.250;
   313    2.771       10666.656        9790.781        9777.500        9760.406;
   314    2.780       10666.656        9795.875        9782.688        9765.438;
   315    2.789       10666.656        9800.875        9787.594        9770.500;
   316    2.798       10666.656        9805.656        9792.531        9775.406;
   317    2.807       10666.656        9810.500        9797.500        9780.250;
   318    2.816       10666.656        9815.344        9802.094        9784.844;
   319    2.824       10666.656        9820.063        9806.875        9789.469;
   320    2.833       10666.656        9824.688        9811.406        9794.094;
   321    2.842       10666.656        9829.156        9815.906        9798.563;
   322    2.851       10666.656        9833.625        9820.469        9803.125;
   323    2.860       10666.656        9837.906        9824.688        9807.375;
   324    2.869       10666.656        9842.156        9829.125        9811.781;
   325    2.878       10666.656        9846.281        9833.156        9815.781;
   326    2.886       10666.656        9850.313        9837.344        9820.000;
   327    2.895       10666.656        9854.188        9841.188        9823.875;
   328    2.904       10666.656        9858.000        9845.125        9827.844;
   329    2.913       10666.656        9861.656        9848.750        9831.500;
   330    2.922       10666.656        9865.250        9852.406        9835.188;
   331    2.931       10666.656        9868.750        9855.781        9838.531;
   332    2.940       10666.656        9872.031        9859.156        9841.969;
   333    2.948       10666.656        9875.250        9862.531        9845.188;
   334    2.957       10666.656        9878.250        9865.563        9848.313;
   335    2.966       10666.656        9881.313        9868.656        9851.406;
   336    2.975       10666.656        9884.281        9871.531        9854.250;
   337    2.984       10666.656        9887.094        9874.406        9857.125;
   338    2.993       10666.656        9889.844        9877.250        9859.969;
   339    3.002       10666.656        9892.594        9879.813        9862.469;
   340    3.010       10666.656        9895.219        9882.438        9865.094;
   341    3.019       10666.656        9897.719        9885.063        9867.656;
   342    3.028       10666.656        9900.281        9887.438        9870.031;
   343    3.037       10666.656        9902.594        9889.875        9872.469;
   344    3.046       10666.656        9905.063        9892.250        9874.844;
   345    3.055       10666.656        9907.375        9894.594        9877.063;
   346    3.064       10666.656        9909.594        9896.688        9879.250;
   347    3.072       10666.656        9911.906        9898.938        9881.469;
   348    3.081       10666.656        9913.969        9901.156        9883.719;
   349    3.090       10666.656        9916.094        9903.156        9885.719;
   350    3.099       10666.656        9918.031        9905.219        9887.750;
   351    3.108       10666.656        9920.125        9907.188        9889.781;
   352    3.117       10666.656        9922.000        9909.250        9891.844;
   353    3.126       10666.656        9923.969        9911.094        9893.656;
   354    3.134       10666.656        9925.719        9912.875        9895.500;
   355    3.143       10666.656        9927.656        9914.750        9897.375;
   356    3.152       10666.656        9929.375        9916.625        9899.250;
   357    3.161       10666.656        9931.094        9918.406        9900.969;
   358    3.170       10666.656        9932.906        9920.031        9902.625;
   359    3.179       10666.656        9934.438        9921.719        9904.344;
   360    3.188       10666.656        9936.250        9923.406        9906.063;
   361    3.196       10666.656        9937.875        9925.188        9907.813;
   362    3.205       10666.656        9939.594        9926.875        9909.406;
   363    3.214       10666.656        9941.250        9928.438        9911.094;
   364    3.223       10666.656        9943.031        9930.188        9912.844;
   365    3.232       10666.656        9944.781        9931.906        9914.625;
   366    3.241       10666.656        9946.469        9933.813        9916.375;
   367    3.249       10666.656        9948.375        9935.500        9918.156;
   368    3.258       10666.656        9950.125        9937.313        9919.906;
   369    3.267       10666.656        9952.094        9939.219        9921.844;
   370    3.276       10666.656        9953.938        9941.250        9923.875;
   371    3.285       10666.656        9955.969        9943.125        9925.781;
   372    3.294       10666.656        9957.906        9945.094        9927.750;
   373    3.303       10666.656        9960.094        9947.156        9929.813;
   374    3.311       10666.656        9962.156        9949.406        9932.000;
   375    3.320       10666.656        9964.438        9951.438        9934.094;
   376    3.329       10666.656        9966.563        9953.656        9936.344;
   377    3.338       10666.656        9969.000        9955.938        9938.625;
   378    3.347       10666.656        9971.375        9958.406        9940.969;
   379    3.356       10666.656        9973.750        9960.625        9943.281;
   380    3.365       10666.656        9976.375        9963.125        9945.750;
   381    3.373       10666.656        9978.844        9965.781        9948.313;
   382    3.382       10666.656        9981.469        9968.219        9950.813;
   383    3.391       10666.656        9984.250        9970.844        9953.438;
   384    3.400       10666.656        9986.844        9973.656        9956.156;
   385    3.409       10666.656        9989.594        9976.156        9958.719;
   386    3.418       10666.656        9992.438        9978.875        9961.469;
   387    3.427       10666.656        9995.156        9981.719        9964.188;
   388    3.435       10666.656        9997.813        9984.250        9966.813;
   389    3.444       10666.656       10000.625        9986.938        9969.469;
   390    3.453       10666.656       10003.281        9989.719        9972.188;
   391    3.462       10666.656       10005.875        9992.188        9974.719;
   392    3.471       10666.656       10008.625        9994.844        9977.313;
   393    3.480       10666.656       10011.156        9997.500        9979.938;
   394    3.489       10666.656       10013.656        9999.875        9982.406;
   395    3.497       10666.656       10016.250       10002.406        9984.875;
   396    3.506       10666.656       10018.625       10004.906        9987.344;
   397    3.515       10666.656       10021.031       10007.219        9989.688;
   398    3.524       10666.656       10023.469       10009.531        9992.031;
   399    3.533       10666.656       10025.719       10011.781        9994.313;
   400    3.542       10666.656       10028.000       10014.094        9996.531;
   401    3.551       10666.656       10030.063       10016.125        9998.656;
   402    3.559       10666.656       10032.313       10018.250       10000.781;
   403    3.568       10666.656       10034.313       10020.375       10002.906;
   404    3.577       10666.656       10036.438       10022.469       10004.938;
   405    3.586       10666.656       10038.313       10024.313       10006.906;
   406    3.595       10666.656       10040.375       10026.281       10008.906;
   407    3.604       10666.656       10042.188       10028.219       10010.844;
   408    3.613       10666.656       10044.094       10030.125       10012.688;
   409    3.621       10666.656       10045.813       10031.781       10014.469;
   410    3.630       10666.656       10047.656       10033.563       10016.219;
   411    3.639       10666.656       10049.313       10035.250       10017.938;
   412    3.648       10666.656       10050.906       10036.969       10019.656;
   413    3.657       10666.656       10052.594       10038.594       10021.219;
   414    3.666       10666.656       10054.031       10039.969       10022.719;
   415    3.674       10666.656       10055.656       10041.500       10024.250;
   416    3.683       10666.656       10057.031       10042.969       10025.750;
   417    3.692       10666.656       10058.406       10044.375       10027.188;
   418    3.701       10666.656       10059.781       10045.813       10028.531;
   419    3.710       10666.656       10061.031       10047.000       10029.781;
   420    3.719       10666.656       10062.219       10048.156       10031.000;
   421    3.728       10666.656       10063.563       10049.375       10032.250;
   422    3.736       10666.656       10064.719       10050.563       10033.406;
   423    3.745       10666.656       10065.750       10051.625       10034.531;
   424    3.754       10666.656       10066.750       10052.781       10035.688;
   425    3.763       10666.656       10067.844       10053.906       10036.688;
   426    3.772       10666.656       10068.875       10054.844       10037.656;
   427    3.781       10666.656       10069.719       10055.625       10038.594;
   428    3.790       10666.656       10070.594       10056.531       10039.469;
   429    3.798       10666.656       10071.625       10057.438       10040.438;
   430    3.807       10666.656       10072.406       10058.281       10041.281;
   431    3.816       10666.656       10073.156       10059.063       10042.094;
   432    3.825       10666.656       10073.938       10059.875       10042.938;
   433    3.834       10666.656       10074.656       10060.688       10043.750;
   434    3.843       10666.656       10075.406       10061.469       10044.438;
   435    3.852       10666.656       10076.094       10062.125       10045.125;
   436    3.860       10666.656       10076.781       10062.844       10045.844;
   437    3.869       10666.656       10077.281       10063.344       10046.469;
   438    3.878       10666.656       10077.906       10063.969       10047.063;
   439    3.887       10666.656       10078.469       10064.531       10047.719;
   440    3.896       10666.656       10079.125       10065.156       10048.344;
   441    3.905       10666.656       10079.750       10065.750       10049.000;
   442    3.914       10666.656       10080.219       10066.281       10049.500;
   443    3.922       10666.656       10080.781       10066.844       10050.188;
   444    3.931       10666.656       10081.625       10067.656       10051.031;
   445    3.940       10666.656       10082.531       10068.656       10051.844;
   446    3.949       10666.656       10083.563       10069.656       10052.750;
   447    3.958       10666.656       10084.563       10070.625       10053.719;
   448    3.967       10666.656       10085.500       10071.500       10054.719;
   449    3.976       10666.656       10086.531       10072.531       10055.750;
   450    3.984       10666.656       10087.781       10073.656       10056.938;
   451    3.993       10666.656       10088.844       10074.781       10058.063;
   452    4.002           0.000       10089.906       10075.875       10059.219;
   453    4.011           0.000       10086.000       10075.531       10060.000;
   454    4.020           0.000       10064.531       10059.594       10047.344;
   455    4.029           0.000       10031.906       10031.188       10020.844;
   456    4.038           0.000        9990.063        9991.375        9982.219;
   457    4.046           0.000        9939.469        9944.250        9937.406;
   458    4.055           0.000        9881.313        9886.719        9880.844;
   459    4.064           0.000        9816.344        9823.219        9818.344;
   460    4.073           0.000        9746.344        9752.719        9747.781;
   461    4.082           0.000        9672.000        9677.750        9672.156;
   462    4.091           0.000        9594.406        9600.594        9595.719;
   463    4.099           0.000        9514.438        9522.188        9518.719;
   464    4.108           0.000        9431.906        9440.031        9436.438;
   465    4.117           0.000        9347.781        9355.438        9351.313;
   466    4.126           0.000        9261.969        9267.781        9262.719;
   467    4.135           0.000        9174.750        9183.000        9179.500;
   468    4.144           0.000        9087.063        9095.656        9092.563;
   469    4.153           0.000        8999.031        9008.250        9005.438;
   470    4.161           0.000        8910.625        8919.750        8917.219;
   471    4.170           0.000        8821.875        8830.656        8828.500;
   472    4.179           0.000        8733.375        8742.469        8741.000;
   473    4.188           0.000        8645.250        8654.500        8653.344;
   474    4.197           0.000        8557.844        8567.188        8566.031;
   475    4.206           0.000        8470.750        8477.813        8475.250;
   476    4.215           0.000        8384.750        8392.563        8390.656;
   477    4.223           0.000        8299.813        8308.531        8307.563;
   478    4.232           0.000        8216.063        8222.844        8221.156;
   479    4.241           0.000        8132.844        8139.375        8137.531;
   480    4.250           0.000        8050.344        8055.531        8053.125;
   481    4.259           0.000        7968.719        7975.531        7974.594;
   482    4.268           0.000        7888.063        7895.000        7894.063;
   483    4.277           0.000        7808.188        7814.406        7813.156;
   484    4.285           0.000        7728.938        7735.344        7733.625;
   485    4.294           0.000        7650.219        7654.344        7651.063;
   486    4.303           0.000        7572.281        7577.875        7576.063;
   487    4.312           0.000        7495.469        7500.469        7498.469;
   488    4.321           0.000        7419.500        7424.844        7422.719;
   489    4.330           0.000        7344.094        7348.406        7345.406;
   490    4.339           0.000        7269.156        7271.875        7267.500;
   491    4.347           0.000        7194.969        7199.281        7196.625;
   492    4.356           0.000        7121.594        7126.469        7124.750;
   493    4.365           0.000        7048.906        7054.281        7053.375;
   494    4.374           0.000        6977.219        6982.813        6981.688;
   495    4.383           0.000        6905.969        6911.188        6908.531;
   496    4.392           0.000        6835.250        6839.813        6836.656;
   497    4.401           0.000        6765.406        6771.125        6769.219;
   498    4.409           0.000        6696.188        6701.594        6699.875;
   499    4.418           0.000        6627.688        6633.656        6632.250;
   500    4.427           0.000        6559.531        6563.844        6561.688;
   501    4.436           0.000        6492.344        6495.875        6493.000;
   502    4.445           0.000        6426.000        6429.094        6426.656;
   503    4.454           0.000        6360.188        6364.188        6363.156;
   504    4.463           0.000        6294.875        6299.281        6298.906;
   505    4.471           0.000        6230.344        6235.063        6234.813;
   506    4.480           0.000        6166.844        6171.156        6170.063;
   507    4.489           0.000        6104.094        6107.219        6104.781;
   508    4.498           0.000        6041.938        6044.313        6042.188;
   509    4.507           0.000        5980.469        5984.344        5983.375;
   510    4.516           0.000        5919.969        5923.594        5923.188;
   511    4.524           0.000        5860.531        5864.531        5863.938;
   512    4.533           0.000        5801.719        5806.281        5805.969;
   513    4.542           0.000        5743.344        5747.875        5746.625;
   514    4.551           0.000        5686.500        5690.500        5688.406;
   515    4.560           0.000        5630.688        5635.344        5633.875;
   516    4.569           0.000        5575.750        5581.219        5580.594;
   517    4.578           0.000        5521.656        5527.438        5526.688;
   518    4.586           0.000        5468.031        5474.000        5473.906;
   519    4.595           0.000        5415.188        5421.500        5421.656;
   520    4.604           0.000        5363.375        5368.875        5368.500;
   521    4.613           0.000        5312.281        5316.031        5314.750;
   522    4.622           0.000        5261.625        5264.938        5263.219;
   523    4.631           0.000        5211.219        5214.375        5212.781;
   524    4.640           0.000        5161.656        5165.156        5164.344;
   525    4.648           0.000        5112.625        5116.625        5116.313;
   526    4.657           0.000        5064.250        5068.344        5068.188;
   527    4.666           0.000        5016.313        5021.031        5021.219;
   528    4.675           0.000        4968.688        4973.031        4972.719;
   529    4.684           0.000        4921.563        4925.719        4924.938;
   530    4.693           0.000        4875.031        4878.969        4877.375;
   531    4.702           0.000        4829.313        4833.281        4831.656;
   532    4.710           0.000        4783.750        4788.719        4787.563;
   533    4.719           0.000        4738.781        4744.063        4743.188;
   534    4.728           0.000        4694.125        4700.031        4700.281;
   535    4.737           0.000        4649.938        4655.906        4656.344;
   536    4.746           0.000        4606.313        4612.031        4613.125;
   537    4.755           0.000        4563.281        4569.031        4570.031;
   538    4.764           0.000        4520.719        4524.719        4524.781;
   539    4.772           0.000        4478.375        4481.625        4481.313;
   540    4.781           0.000        4436.188        4439.625        4439.438;
   541    4.790           0.000        4394.500        4398.594        4399.063;
   542    4.799           0.000        4353.375        4357.844        4359.031;
   543    4.808           0.000        4312.844        4317.719        4319.313;
   544    4.817           0.000        4272.875        4277.969        4280.094;
   545    4.826           0.000        4233.094        4238.000        4240.188;
   546    4.834           0.000        4193.219        4197.781        4199.938;
   547    4.843           0.000        4153.500        4157.625        4159.500;
   548    4.852           0.000        4114.156        4117.469        4119.031;
   549    4.861           0.000        4075.156        4077.500        4078.531;
   550    4.870           0.000        4036.688        4038.781        4039.250;
   551    4.879           0.000        3998.438        4001.125        4002.313;
   552    4.888           0.000        3960.281        3963.563        3965.219;
   553    4.896           0.000        3922.281        3925.875        3927.969;
   554    4.905           0.000        3884.469        3888.594        3891.281;
   555    4.914           0.000        3847.031        3851.313        3854.406;
   556    4.923           0.000        3810.250        3814.875        3818.250;
   557    4.932           0.000        3773.938        3778.438        3781.906;
   558    4.941           0.000        3738.188        3742.344        3745.531;
   559    4.949           0.000        3702.625        3706.719        3709.719;
   560    4.958           0.000        3667.281        3671.000        3673.375;
   561    4.967           0.000        3631.969        3636.000        3638.094;
   562    4.976           0.000        3597.281        3601.438        3603.625;
   563    4.985           0.000        3562.844        3568.250        3571.063;
   564    4.994           0.000        3529.000        3534.938        3538.094;
   565    5.003           0.000        3495.688        3501.813        3505.500;
   566    5.011           0.000        3462.938        3469.500        3473.438;
   567    5.020           0.000        3430.406        3436.781        3440.469;
   568    5.029           0.000        3398.219        3404.563        3408.281;
   569    5.038           0.000        3366.406        3372.406        3375.844;
   570    5.047           0.000        3335.219        3340.594        3343.531;
   571    5.056           0.000        3304.938        3309.625        3312.000;
   572    5.065           0.000        3275.125        3280.031        3282.250;
   573    5.073           0.000        3246.219        3250.500        3252.594;
   574    5.082           0.000        3217.750        3222.281        3224.188;
   575    5.091           0.000        3189.625        3194.438        3196.688;
   576    5.100           0.000        3161.656        3166.875        3169.281;
   577    5.109           0.000        3134.000        3139.281        3142.031;
   578    5.118           0.000        3106.531        3112.219        3115.063;
   579    5.127           0.000        3079.469        3085.188        3088.406;
   580    5.135           0.000        3053.125        3058.531        3061.844;
   581    5.144           0.000        3027.031        3032.938        3036.531;
   582    5.153           0.000        3001.750        3007.469        3010.813;
   583    5.162           0.000        2976.969        2982.500        2985.906;
   584    5.171           0.000        2952.594        2957.844        2961.000;
   585    5.180           0.000        2928.563        2933.344        2936.063;
   586    5.189           0.000        2904.781        2909.563        2912.094;
   587    5.197           0.000        2881.156        2885.781        2887.875;
   588    5.206           0.000        2857.688        2862.438        2864.094;
   589    5.215           0.000        2834.469        2839.313        2840.844;
   590    5.224           0.000        2811.563        2816.781        2818.750;
   591    5.233           0.000        2789.125        2794.500        2796.781;
   592    5.242           0.000        2766.938        2772.531        2775.031;
   593    5.251           0.000        2745.313        2751.375        2754.063;
   594    5.259           0.000        2724.063        2730.063        2733.344;
   595    5.268           0.000        2703.188        2709.188        2712.469;
   596    5.277           0.000        2682.688        2689.344        2692.969;
   597    5.286           0.000        2662.281        2668.781        2672.281;
   598    5.295           0.000        2641.875        2648.656        2652.469;
   599    5.304           0.000        2621.500        2628.281        2632.031;
   600    5.313           0.000        2601.125        2608.031        2611.656;
   601    5.321           0.000        2580.938        2587.563        2590.969;
   602    5.330           0.000        2561.031        2567.688        2570.813;
   603    5.339           0.000        2541.469        2547.531        2550.531;
   604    5.348           0.000        2522.219        2528.500        2531.344;
   605    5.357           0.000        2503.344        2509.313        2511.938;
   606    5.366           0.000        2484.969        2490.719        2493.438;
   607    5.374           0.000        2466.875        2472.250        2474.563;
   608    5.383           0.000        2449.125        2454.625        2456.906;
   609    5.392           0.000        2431.500        2437.031        2439.563;
   610    5.401           0.000        2414.094        2419.844        2422.688;
   611    5.410           0.000        2396.625        2402.469        2405.719;
   612    5.419           0.000        2379.063        2384.938        2388.313;
   613    5.428           0.000        2361.500        2367.906        2371.500;
   614    5.436           0.000        2343.813        2350.219        2354.031;
   615    5.445           0.000        2326.250        2332.656        2336.781;
   616    5.454           0.000        2308.781        2315.375        2319.688;
   617    5.463           0.000        2291.500        2298.031        2302.656;
   618    5.472           0.000        2274.500        2281.125        2286.094;
   619    5.481           0.000        2257.781        2264.594        2269.719;
   620    5.490           0.000        2241.375        2248.094        2253.250;
   621    5.498           0.000        2225.281        2232.031        2237.125;
   622    5.507           0.000        2209.500        2216.438        2221.531;
   623    5.516           0.000        2194.031        2200.625        2205.563;
   624    5.525           0.000        2178.781        2185.406        2190.219;
   625    5.534           0.000        2163.781        2170.406        2174.969;
   626    5.543           0.000        2148.938        2155.813        2160.250;
   627    5.552           0.000        2134.094        2140.875        2145.313;
   628    5.560           0.000        2119.188        2126.188        2130.469;
   629    5.569           0.000        2104.375        2111.344        2115.250;
   630    5.578           0.000        2089.438        2096.031        2099.688;
   631    5.587           0.000        2074.438        2080.781        2084.313;
   632    5.596           0.000        2059.469        2065.750        2069.313;
   633    5.605           0.000        2044.625        2050.719        2054.031;
   634    5.614           0.000        2029.906        2035.844        2039.156;
   635    5.622           0.000        2015.188        2021.219        2024.781;
   636    5.631           0.000        2000.844        2007.219        2010.594;
   637    5.640           0.000        1986.625        1992.969        1996.594;
   638    5.649           0.000        1972.688        1979.094        1982.906;
   639    5.658           0.000        1958.969        1965.625        1969.906;
   640    5.667           0.000        1945.531        1952.406        1956.781;
   641    5.676           0.000        1932.344        1939.344        1943.813;
   642    5.684           0.000        1919.344        1926.469        1931.031;
   643    5.693           0.000        1906.625        1913.688        1918.594;
   644    5.702           0.000        1893.969        1901.125        1906.250;
   645    5.711           0.000        1881.250        1888.719        1893.938;
   646    5.720           0.000        1868.500        1876.031        1881.469;
   647    5.729           0.000        1855.688        1863.594        1868.969;
   648    5.738           0.000        1842.844        1850.781        1856.219;
   649    5.746           0.000        1830.000        1837.750        1843.094;
   650    5.755           0.000        1817.031        1824.938        1830.406;
   651    5.764           0.000        1804.031        1812.031        1817.563;
   652    5.773           0.000        1791.063        1799.531        1804.844;
   653    5.782           0.000        1778.281        1786.625        1791.719;
   654    5.791           0.000        1765.656        1773.906        1778.875;
   655    5.799           0.000        1753.156        1761.250        1766.031;
   656    5.808           0.000        1740.938        1748.813        1753.344;
   657    5.817           0.000        1728.969        1737.000        1741.406;
   658    5.826           0.000        1717.313        1725.281        1729.594;
   659    5.835           0.000        1705.844        1714.031        1718.125;
   660    5.844           0.000        1694.688        1703.188        1707.031;
   661    5.853           0.000        1683.750        1692.000        1696.031;
   662    5.861           0.000        1673.094        1681.219        1685.313;
   663    5.870           0.000        1662.656        1670.594        1674.281;
   664    5.879           0.000        1652.438        1660.156        1663.875;
   665    5.888           0.000        1642.375        1650.094        1653.813;
   666    5.897           0.000        1632.500        1640.219        1643.938;
   667    5.906           0.000        1622.625        1630.625        1634.469;
   668    5.915           0.000        1612.750        1620.688        1624.688;
   669    5.923           0.000        1602.813        1611.063        1615.125;
   670    5.932           0.000        1592.688        1600.969        1605.344;
   671    5.941           0.000        1582.375        1590.844        1595.156;
   672    5.950           0.000        1571.781        1580.313        1584.969;
   673    5.959           0.000        1561.094        1569.875        1574.563;
   674    5.968           0.000        1550.281        1559.344        1564.125;
   675    5.977           0.000        1539.313        1548.125        1553.219;
   676    5.985           0.000        1528.344        1537.344        1542.531;
   677    5.994           0.000        1517.344        1526.313        1531.344;
   678    6.003           0.000        1506.250        1515.375        1520.688;
   679    6.012           0.000        1495.250        1504.469        1509.938;
   680    6.021           0.000        1484.438        1493.656        1499.063;
   681    6.030           0.000        1473.719        1482.969        1488.469;
   682    6.039           0.000        1463.125        1472.531        1478.250;
   683    6.047           0.000        1452.813        1462.094        1467.688;
   684    6.056           0.000        1442.656        1451.906        1457.781;
   685    6.065           0.000        1432.750        1441.938        1447.688;
   686    6.074           0.000        1423.000        1432.281        1438.188;
   687    6.083           0.000        1413.500        1422.656        1428.500;
   688    6.092           0.000        1404.125        1413.000        1418.938;
   689    6.101           0.000        1394.969        1403.844        1409.781;
   690    6.109           0.000        1386.000        1394.719        1400.469;
   691    6.118           0.000        1377.188        1385.875        1391.625;
   692    6.127           0.000        1368.406        1377.031        1382.750;
   693    6.136           0.000        1359.656        1368.344        1374.031;
   694    6.145           0.000        1350.969        1359.594        1365.125;
   695    6.154           0.000        1342.281        1350.813        1356.219;
   696    6.163           0.000        1333.594        1341.969        1347.281;
   697    6.171           0.000        1324.813        1333.125        1338.500;
   698    6.180           0.000        1316.031        1324.438        1329.875;
   699    6.189           0.000        1307.219        1315.656        1320.781;
   700    6.198           0.000        1298.438        1306.906        1311.906;
   701    6.207           0.000        1289.625        1298.000        1302.938;
   702    6.216           0.000        1280.844        1289.156        1294.031;
   703    6.224           0.000        1272.000        1280.250        1284.906;
   704    6.233           0.000        1263.219        1271.719        1276.375;
   705    6.242           0.000        1254.625        1262.906        1267.313;
   706    6.251           0.000        1246.063        1254.219        1258.625;
   707    6.260           0.000        1237.625        1245.719        1250.156;
   708    6.269           0.000        1229.313        1237.313        1241.750;
   709    6.278           0.000        1221.188        1229.156        1233.625;
   710    6.286           0.000        1213.188        1221.281        1225.750;
   711    6.295           0.000        1205.344        1213.594        1218.063;
   712    6.304           0.000        1197.750        1206.188        1210.594;
   713    6.313           0.000        1190.313        1198.906        1203.313;
   714    6.322           0.000        1183.031        1191.813        1196.313;
   715    6.331           0.000        1176.094        1184.781        1189.531;
   716    6.340           0.000        1169.313        1177.969        1182.656;
   717    6.348           0.000        1162.656        1171.281        1175.969;
   718    6.357           0.000        1156.188        1164.875        1169.781;
   719    6.366           0.000        1149.906        1158.688        1163.438;
   720    6.375           0.000        1143.688        1152.625        1157.688;
   721    6.384           0.000        1137.781        1146.688        1151.656;
   722    6.393           0.000        1131.875        1140.875        1146.031;
   723    6.402           0.000        1126.125        1135.375        1140.469;
   724    6.410           0.000        1120.594        1129.656        1134.813;
   725    6.419           0.000        1115.031        1124.188        1129.563;
   726    6.428           0.000        1109.688        1118.938        1124.188;
   727    6.437           0.000        1104.250        1113.531        1118.844;
   728    6.446           0.000        1098.875        1108.156        1113.594;
   729    6.455           0.000        1093.531        1103.000        1108.313;
   730    6.464           0.000        1088.000        1097.563        1102.906;
   731    6.472           0.000        1082.594        1092.094        1097.531;
   732    6.481           0.000        1077.063        1086.719        1092.000;
   733    6.490           0.000        1071.313        1081.031        1086.438;
   734    6.499           0.000        1065.719        1075.500        1080.906;
   735    6.508           0.000        1059.906        1069.781        1075.188;
   736    6.517           0.000        1054.094        1064.156        1069.750;
   737    6.526           0.000        1048.188        1058.313        1063.844;
   738    6.534           0.000        1042.250        1052.406        1058.063;
   739    6.543           0.000        1036.250        1046.594        1052.156;
   740    6.552           0.000        1030.250        1040.656        1046.313;
   741    6.561           0.000        1024.250        1034.656        1040.281;
   742    6.570           0.000        1018.219        1028.656        1034.375;
   743    6.579           0.000        1012.188        1022.656        1028.219;
   744    6.588           0.000        1006.156        1016.688        1022.281;
   745    6.596           0.000        1000.125        1010.625        1016.094;
   746    6.605           0.000         994.094        1004.469        1010.000;
   747    6.614           0.000         988.094         998.625        1003.875;
   748    6.623           0.000         982.188         992.688         998.094;
   749    6.632           0.000         976.344         986.750         992.031;
   750    6.641           0.000         970.594         980.813         986.063;
   751    6.649           0.000         964.906         975.281         980.313;
   752    6.658           0.000         959.281         969.531         974.625;
   753    6.667           0.000         953.938         964.000         968.906;
   754    6.676           0.000         948.594         958.656         963.313;
   755    6.685           0.000         943.313         953.344         958.156;
   756    6.694           0.000         938.344         948.156         952.875;
   757    6.703           0.000         933.438         943.406         947.875;
   758    6.711           0.000         928.594         938.375         942.969;
   759    6.720           0.000         923.906         933.688         938.219;
   760    6.729           0.000         919.281         929.031         933.563;
   761    6.738           0.000         914.938         924.563         928.906;
   762    6.747           0.000         910.625         920.313         924.625;
   763    6.756           0.000         906.438         916.031         920.250;
   764    6.765           0.000         902.344         912.031         916.250;
   765    6.773           0.000         898.375         908.000         912.125;
   766    6.782           0.000         894.531         904.156         908.250;
   767    6.791           0.000         890.813         900.281         904.313;
   768    6.800           0.000         887.094         896.688         900.688;
   769    6.809           0.000         883.625         893.063         897.094;
   770    6.818           0.000         880.219         889.625         893.656;
   771    6.827           0.000         876.844         886.344         890.156;
   772    6.835           0.000         873.594         883.000         886.844;
   773    6.844           0.000         870.469         879.938         883.563;
   774    6.853           0.000         867.375         876.719         880.406;
   775    6.862           0.000         864.406         873.719         877.531;
   776    6.871           0.000         861.563         870.938         874.469;
   777    6.880           0.000         858.719         868.031         871.563;
   778    6.889           0.000         855.938         865.250         868.875;
   779    6.897           0.000         853.375         862.688         866.125;
   780    6.906           0.000         850.750         860.000         863.406;
   781    6.915           0.000         848.219         857.438         860.938;
   782    6.924           0.000         845.781         855.125         858.375;
   783    6.933           0.000         843.281         852.531         855.875;
   784    6.942           0.000         840.875         850.125         853.594;
   785    6.951           0.000         838.469         847.844         851.031;
   786    6.959           0.000         836.063         845.281         848.563;
   787    6.968           0.000         833.625         842.844         846.188;
   788    6.977           0.000         831.125         840.469         843.625;
   789    6.986           0.000         828.750         838.000         841.313;
   790    6.995           0.000         826.313         835.500         838.781;
   791    7.004           0.000         823.813         833.031         836.313;
   792    7.013           0.000         821.438         830.688         833.875;
   793    7.021           0.000         818.938         828.094         831.313;
   794    7.030           0.000         816.500         825.688         829.125;
   795    7.039           0.000         814.031         823.406         826.563;
   796    7.048           0.000         811.531         820.813         824.063;
   797    7.057           0.000         809.063         818.375         821.813;
   798    7.066           0.000         806.594         816.000         819.219;
   799    7.074           0.000         804.125         813.406         816.781;
   800    7.083           0.000         801.625         810.938         814.406;
   801    7.092           0.000         799.063         808.500         811.844;
   802    7.101           0.000         796.625         805.969         809.469;
   803    7.110           0.000         794.156         803.469         806.938;
   804    7.119           0.000         791.625         801.031         804.500;
   805    7.128           0.000         789.219         798.625         802.031;
   806    7.136           0.000         786.688         796.031         799.469;
   807    7.145           0.000         784.219         793.563         797.250;
   808    7.154           0.000         781.750         791.281         794.688;
   809    7.163           0.000         779.219         788.625         792.156;
   810    7.172           0.000         776.781         786.188         789.875;
   811    7.181           0.000         774.344         783.875         787.313;
   812    7.190           0.000         771.875         781.344         784.969;
   813    7.198           0.000         769.438         778.969         782.625;
   814    7.207           0.000         767.031         776.625         780.313;
   815    7.216           0.000         764.625         774.313         778.000;
   816    7.225           0.000         762.250         771.875         775.594;
   817    7.234           0.000         759.875         769.531         773.469;
   818    7.243           0.000         757.594         767.406         771.031;
   819    7.252           0.000         755.250         764.969         768.844;
   820    7.260           0.000         752.969         762.719         766.656;
   821    7.269           0.000         750.719         760.531         764.500;
   822    7.278           0.000         748.469         758.344         762.250;
   823    7.287           0.000         746.219         756.031         759.969;
   824    7.296           0.000         744.031         753.875         757.938;
   825    7.305           0.000         742.156         752.031         755.906;
   826    7.314           0.000         740.438         750.281         754.156;
   827    7.322           0.000         738.875         748.563         752.500;
   828    7.331           0.000         737.375         747.125         751.031;
   829    7.340           0.000         736.094         745.813         749.875;
   830    7.349           0.000         734.906         744.625         748.594;
   831    7.358           0.000         733.813         743.625         747.344;
   832    7.367           0.000         732.750         742.500         746.406;
   833    7.376           0.000         731.750         741.438         745.438;
   834    7.384           0.000         730.844         740.500         744.406;
   835    7.393           0.000         729.969         739.656         743.531;
   836    7.402           0.000         729.094         738.813         742.813;
   837    7.411           0.000         728.313         738.031         742.031;
   838    7.420           0.000         727.531         737.250         741.344;
   839    7.429           0.000         726.875         736.594         740.563;
   840    7.438           0.000         726.156         735.969         739.813;
   841    7.446           0.000         725.531         735.313         739.031;
   842    7.455           0.000         724.844         734.594         738.500;
   843    7.464           0.000         724.188         733.938         737.906;
   844    7.473           0.000         723.594         733.250         737.281;
   845    7.482           0.000         723.000         732.656         736.594;
   846    7.491           0.000         722.406         732.031         736.000;
   847    7.499           0.000         721.844         731.531         735.406;
   848    7.508           0.000         721.281         730.969         734.938;
   849    7.517           0.000         720.719         730.406         734.375;
   850    7.526           0.000         720.156         729.844         733.906;
   851    7.535           0.000         719.563         729.281         733.375;
   852    7.544           0.000         719.031         728.781         732.750;
   853    7.553           0.000         718.531         728.250         732.188;
   854    7.561           0.000         718.031         727.813         731.594;
   855    7.570           0.000         717.500         727.313         731.031;
   856    7.579           0.000         716.969         726.750         730.625;
   857    7.588           0.000         716.438         726.219         730.125;
   858    7.597           0.000         715.969         725.688         729.688;
   859    7.606           0.000         715.438         725.156         729.188;
   860    7.615           0.000         715.000         724.688         728.625;
   861    7.623           0.000         714.531         724.188         728.125;
   862    7.632           0.000         714.031         723.813         727.688;
   863    7.641           0.000         713.594         723.375         727.219;
   864    7.650           0.000         713.125         722.938         726.906;
   865    7.659           0.000         712.750         722.500         726.469;
   866    7.668           0.000         712.313         722.031         726.063;
   867    7.677           0.000         711.875         721.656         725.719;
   868    7.685           0.000         711.438         721.250         725.344;
   869    7.694           0.000         711.031         720.906         724.875;
   870    7.703           0.000         710.719         720.531         724.469;
   871    7.712           0.000         710.313         720.125         724.063;
   872    7.721           0.000         709.938         719.844         723.625;
   873    7.730           0.000         709.563         719.469         723.188;
   874    7.739           0.000         709.156         719.000         722.875;
   875    7.747           0.000         708.719         718.594         722.500;
   876    7.756           0.000         708.313         718.188         722.125;
   877    7.765           0.000         707.969         717.781         721.781;
   878    7.774           0.000         707.563         717.406         721.406;
   879    7.783           0.000         707.188         717.031         721.000;
   880    7.792           0.000         706.906         716.719         720.625;
   881    7.801           0.000         706.531         716.344         720.250;
   882    7.809           0.000         706.188         716.031         719.969;
   883    7.818           0.000         705.938         715.781         719.625;
   884    7.827           0.000         705.594         715.438         719.281;
   885    7.836           0.000         705.281         715.125         719.031;
   886    7.845           0.000         705.000         714.844         718.813;
   887    7.854           0.000         704.719         714.531         718.500;
   888    7.863           0.000         704.406         714.219         718.219;
   889    7.871           0.000         704.094         713.938         717.969;
   890    7.880           0.000         703.781         713.656         717.688;
   891    7.889           0.000         703.469         713.344         717.406;
   892    7.898           0.000         703.156         713.031         717.125;
   893    7.907           0.000         703.000         712.875         716.813;
   894    7.916           0.000         702.719         712.594         716.500;
   895    7.924           0.000         702.469         712.313         716.219;
   896    7.933           0.000         702.188         712.063         715.969;
   897    7.942           0.000         702.031         711.938         715.688;
   898    7.951           0.000         701.781         711.688         715.375;
   899    7.960           0.000         701.531         711.438         715.094;
   900    7.969           0.000         701.313         711.219         715.031;
   901    7.978           0.000         701.063         711.031         714.813;
   902    7.986           0.000         700.906         710.781         714.594]
