 Sample   Time     Commanded Pos   Encoder 1 Pos   Encoder 2 Pos   Encoder 3 Pos 

[    0    0.000       10666.656           0.000           0.000           0.000;
     1    0.009       10666.656           5.969           1.531           0.000;
     2    0.018       10666.656          23.438          16.719          12.563;
     3    0.027       10666.656          57.969          48.438          42.594;
     4    0.035       10666.656         107.063          97.094          90.469;
     5    0.044       10666.656         169.531         159.313         152.594;
     6    0.053       10666.656         245.938         234.500         228.000;
     7    0.062       10666.656         333.500         320.000         312.281;
     8    0.071       10666.656         430.125         416.750         409.063;
     9    0.080       10666.656         534.250         520.188         513.281;
    10    0.089       10666.656         646.094         631.156         624.125;
    11    0.097       10666.656         765.063         747.750         739.500;
    12    0.106       10666.656         890.344         874.969         868.188;
    13    0.115       10666.656        1021.219        1004.938         998.188;
    14    0.124       10666.656        1157.594        1139.156        1130.813;
    15    0.133       10666.656        1298.594        1283.531        1276.938;
    16    0.142       10666.656        1443.594        1429.906        1423.125;
    17    0.151       10666.656        1592.656        1575.750        1566.406;
    18    0.159       10666.656        1744.531        1731.625        1724.750;
    19    0.168       10666.656        1898.531        1879.781        1867.719;
    20    0.177       10666.656        2054.125        2038.063        2027.969;
    21    0.186       10666.656        2210.625        2193.625        2181.750;
    22    0.195       10666.656        2368.094        2346.813        2332.219;
    23    0.204       10666.656        2525.656        2510.313        2500.281;
    24    0.213       10666.656        2684.031        2661.906        2646.719;
    25    0.221       10666.656        2841.844        2822.563        2810.219;
    26    0.230       10666.656        2999.281        2980.375        2968.125;
    27    0.239       10666.656        3155.750        3132.281        3116.563;
    28    0.248       10666.656        3311.969        3292.500        3281.031;
    29    0.257       10666.656        3466.750        3442.813        3427.656;
    30    0.266       10666.656        3620.094        3596.344        3581.000;
    31    0.274       10666.656        3771.906        3752.750        3739.813;
    32    0.283       10666.656        3922.688        3896.688        3878.281;
    33    0.292       10666.656        4072.438        4051.531        4037.094;
    34    0.301       10666.656        4220.938        4196.625        4180.531;
    35    0.310       10666.656        4367.813        4339.594        4321.781;
    36    0.319       10666.656        4513.031        4489.938        4476.750;
    37    0.328       10666.656        4656.844        4628.844        4611.375;
    38    0.336       10666.656        4798.281        4771.094        4753.375;
    39    0.345       10666.656        4938.531        4914.938        4899.281;
    40    0.354       10666.656        5076.469        5047.969        5028.594;
    41    0.363       10666.656        5212.000        5184.094        5164.906;
    42    0.372       10666.656        5345.500        5320.531        5303.063;
    43    0.381       10666.656        5476.719        5446.875        5425.813;
    44    0.390       10666.656        5604.969        5577.406        5559.219;
    45    0.398       10666.656        5730.344        5706.094        5689.656;
    46    0.407       10666.656        5854.031        5827.344        5808.313;
    47    0.416       10666.656        5975.719        5948.438        5928.563;
    48    0.425       10666.656        6094.813        6069.156        6050.813;
    49    0.434       10666.656        6211.844        6183.813        6164.469;
    50    0.443       10666.656        6326.000        6295.469        6274.156;
    51    0.452       10666.656        6438.031        6409.531        6391.344;
    52    0.460       10666.656        6548.094        6520.688        6503.188;
    53    0.469       10666.656        6655.750        6626.594        6607.156;
    54    0.478       10666.656        6761.281        6731.719        6712.500;
    55    0.487       10666.656        6864.469        6837.344        6820.313;
    56    0.496       10666.656        6965.656        6938.688        6922.219;
    57    0.505       10666.656        7064.906        7034.906        7015.563;
    58    0.514       10666.656        7161.844        7133.594        7115.063;
    59    0.522       10666.656        7256.563        7229.531        7213.094;
    60    0.531       10666.656        7349.031        7322.375        7306.500;
    61    0.540       10666.656        7439.094        7409.313        7391.219;
    62    0.549       10666.656        7526.750        7497.625        7479.875;
    63    0.558       10666.656        7612.563        7583.750        7566.250;
    64    0.567       10666.656        7695.688        7670.031        7654.031;
    65    0.576       10666.656        7776.688        7748.125        7730.063;
    66    0.584       10666.656        7855.875        7827.281        7809.500;
    67    0.593       10666.656        7932.781        7904.281        7885.906;
    68    0.602       10666.656        8007.531        7980.219        7962.563;
    69    0.611       10666.656        8080.563        8055.938        8039.469;
    70    0.620       10666.656        8151.875        8126.281        8109.156;
    71    0.629       10666.656        8220.969        8194.594        8176.813;
    72    0.638       10666.656        8288.031        8260.969        8242.063;
    73    0.646       10666.656        8353.375        8327.031        8308.344;
    74    0.655       10666.656        8417.063        8391.844        8373.469;
    75    0.664       10666.656        8478.625        8454.875        8437.344;
    76    0.673       10666.656        8538.500        8513.563        8494.656;
    77    0.682       10666.656        8596.969        8571.188        8551.531;
    78    0.691       10666.656        8653.781        8627.313        8607.281;
    79    0.699       10666.656        8708.969        8682.031        8661.438;
    80    0.708       10666.656        8762.125        8736.031        8715.719;
    81    0.717       10666.656        8813.906        8789.281        8770.344;
    82    0.726       10666.656        8864.438        8840.875        8822.750;
    83    0.735       10666.656        8913.750        8889.875        8871.469;
    84    0.744       10666.656        8961.875        8937.250        8918.281;
    85    0.753       10666.656        9008.594        8983.281        8963.781;
    86    0.761       10666.656        9053.688        9028.125        9008.469;
    87    0.770       10666.656        9097.875        9072.281        9052.406;
    88    0.779       10666.656        9141.063        9115.563        9095.656;
    89    0.788       10666.656        9183.188        9158.125        9138.844;
    90    0.797       10666.656        9224.156        9200.000        9181.563;
    91    0.806       10666.656        9263.781        9239.844        9221.563;
    92    0.815       10666.656        9301.906        9277.281        9258.625;
    93    0.823       10666.656        9339.188        9314.281        9295.281;
    94    0.832       10666.656        9375.500        9350.438        9330.938;
    95    0.841       10666.656        9410.625        9385.344        9365.750;
    96    0.850       10666.656        9444.969        9419.500        9399.844;
    97    0.859       10666.656        9477.781        9452.469        9432.563;
    98    0.868       10666.656        9509.531        9484.375        9464.625;
    99    0.877       10666.656        9540.063        9515.250        9495.656;
   100    0.885       10666.656        9569.250        9545.156        9525.906;
   101    0.894       10666.656        9597.469        9574.188        9555.719;
   102    0.903       10666.656        9624.906        9602.250        9584.594;
   103    0.912       10666.656        9651.406        9629.500        9612.313;
   104    0.921       10666.656        9677.063        9655.563        9638.469;
   105    0.930       10666.656        9701.750        9680.125        9662.750;
   106    0.939       10666.656        9725.500        9703.656        9686.125;
   107    0.947       10666.656        9748.156        9725.875        9708.094;
   108    0.956       10666.656        9769.531        9747.250        9729.406;
   109    0.965       10666.656        9789.750        9767.625        9749.625;
   110    0.974       10666.656        9808.906        9786.688        9768.688;
   111    0.983       10666.656        9826.813        9804.594        9786.438;
   112    0.992       10666.656        9844.094        9821.656        9803.500;
   113    1.001       10666.656        9860.594        9838.000        9819.750;
   114    1.009       10666.656        9876.438        9853.938        9835.656;
   115    1.018       10666.656        9891.656        9869.031        9850.625;
   116    1.027       10666.656        9906.250        9883.781        9865.344;
   117    1.036       10666.656        9920.406        9897.938        9879.563;
   118    1.045       10666.656        9933.781        9911.781        9893.375;
   119    1.054       10666.656        9946.688        9924.625        9906.406;
   120    1.063       10666.656        9959.031        9937.188        9919.094;
   121    1.071       10666.656        9970.688        9949.000        9931.156;
   122    1.080       10666.656        9981.781        9960.438        9942.469;
   123    1.089       10666.656        9992.406        9971.125        9953.563;
   124    1.098       10666.656       10002.156        9981.250        9964.000;
   125    1.107       10666.656       10011.500        9991.000        9973.656;
   126    1.116       10666.656       10020.281        9999.906        9982.688;
   127    1.124       10666.656       10028.500       10008.375        9991.344;
   128    1.133       10666.656       10036.156       10016.125        9999.188;
   129    1.142       10666.656       10043.313       10023.469       10006.563;
   130    1.151       10666.656       10049.969       10030.031       10013.313;
   131    1.160       10666.656       10056.281       10036.375       10019.875;
   132    1.169       10666.656       10061.969       10042.188       10025.719;
   133    1.178       10666.656       10067.438       10047.813       10031.156;
   134    1.186       10666.656       10072.531       10052.719       10036.281;
   135    1.195       10666.656       10077.219       10057.469       10040.969;
   136    1.204       10666.656       10081.750       10062.031       10045.375;
   137    1.213       10666.656       10086.000       10066.281       10049.750;
   138    1.222       10666.656       10090.219       10070.563       10053.813;
   139    1.231       10666.656       10094.219       10074.500       10057.875;
   140    1.240       10666.656       10098.188       10078.563       10061.781;
   141    1.248       10666.656       10102.031       10082.250       10065.625;
   142    1.257       10666.656       10105.875       10086.125       10069.344;
   143    1.266       10666.656       10109.531       10089.750       10073.063;
   144    1.275       10666.656       10113.219       10093.500       10076.781;
   145    1.284       10666.656       10116.813       10097.031       10080.313;
   146    1.293       10666.656       10120.281       10100.531       10083.906;
   147    1.302       10666.656       10123.625       10104.063       10087.156;
   148    1.310       10666.656       10126.750       10107.250       10090.531;
   149    1.319       10666.656       10130.000       10110.531       10093.656;
   150    1.328       10666.656       10133.094       10113.500       10096.781;
   151    1.337       10666.656       10136.125       10116.469       10099.813;
   152    1.346       10666.656       10138.875       10119.469       10102.531;
   153    1.355       10666.656       10141.625       10122.031       10105.281;
   154    1.364       10666.656       10144.375       10124.719       10107.969;
   155    1.372       10666.656       10146.781       10127.406       10110.344;
   156    1.381       10666.656       10149.219       10129.656       10112.813;
   157    1.390       10666.656       10151.625       10132.000       10115.188;
   158    1.399       10666.656       10153.781       10134.281       10117.313;
   159    1.408       10666.656       10155.906       10136.469       10119.406;
   160    1.417       10666.656       10157.813       10138.281       10121.438;
   161    1.426       10666.656       10159.875       10140.250       10123.406;
   162    1.434       10666.656       10161.563       10142.125       10125.188;
   163    1.443       10666.656       10163.281       10143.906       10126.875;
   164    1.452       10666.656       10164.969       10145.438       10128.625;
   165    1.461       10666.656       10166.313       10147.000       10130.156;
   166    1.470       10666.656       10167.938       10148.469       10131.719;
   167    1.479       10666.656       10169.188       10149.906       10133.000;
   168    1.488       10666.656       10170.406       10151.313       10134.281;
   169    1.496       10666.656       10171.719       10152.469       10135.500;
   170    1.505       10666.656       10172.906       10153.500       10136.719;
   171    1.514       10666.656       10173.813       10154.594       10137.813;
   172    1.523       10666.656       10174.750       10155.625       10138.875;
   173    1.532       10666.656       10175.875       10156.563       10139.906;
   174    1.541       10666.656       10176.719       10157.469       10140.750;
   175    1.549       10666.656       10177.438       10158.375       10141.500;
   176    1.558       10666.656       10178.125       10159.219       10142.250;
   177    1.567       10666.656       10178.875       10159.938       10143.000;
   178    1.576       10666.656       10179.594       10160.500       10143.750;
   179    1.585       10666.656       10180.219       10161.188       10144.438;
   180    1.594       10666.656       10180.875       10161.719       10145.000;
   181    1.603       10666.656       10181.250       10162.344       10145.656;
   182    1.611       10666.656       10181.813       10162.844       10146.188;
   183    1.620       10666.656       10182.188       10163.438       10146.750;
   184    1.629       10666.656       10182.688       10163.844       10147.219;
   185    1.638       10666.656       10183.188       10164.375       10147.750;
   186    1.647       10666.656       10183.656       10164.688       10148.094;
   187    1.656       10666.656       10183.969       10165.156       10148.531;
   188    1.665       10666.656       10184.344       10165.469       10149.000;
   189    1.673       10666.656       10184.750       10165.875       10149.188;
   190    1.682       10666.656       10184.969       10166.281       10149.563;
   191    1.691       10666.656       10185.219       10166.563       10149.938;
   192    1.700       10666.656       10185.531       10166.906       10150.156;
   193    1.709       10666.656       10185.844       10167.281       10150.500;
   194    1.718       10666.656       10186.000       10167.469       10150.813;
   195    1.727       10666.656       10186.281       10167.750       10151.063;
   196    1.735       10666.656       10186.563       10168.063       10151.344;
   197    1.744       10666.656       10186.844       10168.375       10151.656;
   198    1.753       10666.656       10187.094       10168.469       10151.938;
   199    1.762       10666.656       10187.344       10168.750       10152.188;
   200    1.771       10666.656       10187.625       10169.000       10152.469;
   201    1.780       10666.656       10187.906       10169.250       10152.750;
   202    1.789       10666.656       10188.000       10169.469       10153.000;
   203    1.797       10666.656       10188.219       10169.594       10153.094;
   204    1.806       10666.656       10188.438       10169.813       10153.344;
   205    1.815       10666.656       10188.688       10170.031       10153.594;
   206    1.824       10666.656       10188.906       10170.250       10153.813;
   207    1.833       10666.656       10188.969       10170.469       10154.000;
   208    1.842       10666.656       10189.125       10170.625       10154.188;
   209    1.851       10666.656       10189.313       10170.844       10154.406;
   210    1.859       10666.656       10189.500       10171.063       10154.625;
   211    1.868       10666.656       10189.688       10171.281       10154.875;
   212    1.877       10666.656       10189.875       10171.469       10155.000;
   213    1.886       10666.656       10189.969       10171.469       10155.000;
   214    1.895       10666.656       10189.969       10171.469       10155.000;
   215    1.904       10666.656       10189.969       10171.469       10155.000;
   216    1.913       10666.656       10189.969       10171.469       10155.000;
   217    1.921       10666.656       10189.969       10171.469       10155.000;
   218    1.930       10666.656       10189.969       10171.469       10155.000;
   219    1.939       10666.656       10189.969       10171.469       10155.000;
   220    1.948       10666.656       10188.500       10171.469       10155.000;
   221    1.957       10666.656       10188.500       10171.469       10155.000;
   222    1.966       10666.656       10188.500       10171.469       10155.000;
   223    1.974       10666.656       10188.500       10171.469       10155.000;
   224    1.983       10666.656       10188.500       10171.469       10155.000;
   225    1.992       10666.656       10188.500       10171.469       10155.000;
   226    2.001       10666.656       10188.500       10171.469       10155.000;
   227    2.010       10666.656       10188.500       10171.469       10155.000;
   228    2.019       10666.656       10188.500       10171.469       10155.000;
   229    2.028       10666.656       10188.500       10171.469       10155.000;
   230    2.036       10666.656       10188.500       10171.469       10155.000;
   231    2.045       10666.656       10188.500       10171.469       10155.000;
   232    2.054       10666.656       10188.500       10171.469       10155.000;
   233    2.063       10666.656       10188.500       10171.469       10155.000;
   234    2.072       10666.656       10188.500       10171.469       10155.000;
   235    2.081       10666.656       10188.500       10171.469       10155.000;
   236    2.090       10666.656       10188.500       10171.469       10155.000;
   237    2.098       10666.656       10188.500       10171.469       10155.000;
   238    2.107       10666.656       10188.500       10171.469       10155.000;
   239    2.116       10666.656       10188.500       10171.469       10155.000;
   240    2.125       10666.656       10188.500       10171.469       10155.000;
   241    2.134       10666.656       10188.500       10171.469       10155.000;
   242    2.143       10666.656       10188.500       10171.469       10155.000;
   243    2.152       10666.656       10188.500       10171.469       10155.000;
   244    2.160       10666.656       10188.500       10171.469       10155.000;
   245    2.169       10666.656       10188.500       10171.469       10155.000;
   246    2.178       10666.656       10188.500       10171.469       10155.000;
   247    2.187       10666.656       10188.500       10171.469       10155.000;
   248    2.196       10666.656       10188.500       10171.469       10155.000;
   249    2.205       10666.656       10188.500       10171.469       10155.000;
   250    2.214       10666.656       10188.500       10171.469       10155.000;
   251    2.222       10666.656       10188.500       10171.469       10155.000;
   252    2.231       10666.656       10188.500       10171.469       10155.000;
   253    2.240       10666.656       10188.500       10171.469       10155.000;
   254    2.249       10666.656       10188.500       10171.469       10155.000;
   255    2.258       10666.656       10188.500       10171.469       10155.000;
   256    2.267       10666.656       10188.500       10171.469       10155.000;
   257    2.276       10666.656       10188.500       10171.469       10155.000;
   258    2.284       10666.656       10188.500       10171.469       10155.000;
   259    2.293       10666.656       10188.500       10171.469       10155.000;
   260    2.302       10666.656       10188.500       10171.469       10155.000;
   261    2.311       10666.656       10188.500       10171.469       10155.000;
   262    2.320       10666.656       10188.500       10171.469       10155.000;
   263    2.329       10666.656       10188.500       10171.469       10155.000;
   264    2.338       10666.656       10188.500       10171.469       10155.000;
   265    2.346       10666.656       10188.500       10171.469       10155.000;
   266    2.355       10666.656       10188.500       10171.469       10155.000;
   267    2.364       10666.656       10188.500       10171.469       10155.000;
   268    2.373       10666.656       10188.500       10171.469       10155.000;
   269    2.382       10666.656       10188.500       10171.469       10155.000;
   270    2.391       10666.656       10188.500       10171.469       10155.000;
   271    2.399       10666.656       10188.500       10171.469       10155.000;
   272    2.408       10666.656       10188.500       10171.469       10155.000;
   273    2.417       10666.656       10188.500       10171.469       10155.000;
   274    2.426       10666.656       10188.500       10171.469       10155.000;
   275    2.435       10666.656       10188.500       10171.469       10155.000;
   276    2.444       10666.656       10188.500       10171.469       10155.000;
   277    2.453       10666.656       10188.500       10171.469       10155.000;
   278    2.461       10666.656       10188.500       10171.469       10155.000;
   279    2.470       10666.656       10188.500       10171.469       10155.000;
   280    2.479       10666.656       10188.500       10171.469       10155.000;
   281    2.488       10666.656       10188.500       10171.469       10155.000;
   282    2.497       10666.656       10188.500       10171.469       10155.000;
   283    2.506       10666.656       10188.500       10171.469       10155.000;
   284    2.515       10666.656       10188.500       10171.469       10155.000;
   285    2.523       10666.656       10188.500       10171.469       10155.000;
   286    2.532       10666.656       10188.500       10171.469       10155.000;
   287    2.541       10666.656       10188.500       10171.469       10155.000;
   288    2.550       10666.656       10188.500       10171.469       10155.000;
   289    2.559       10666.656       10188.500       10171.469       10155.000;
   290    2.568       10666.656       10188.500       10171.469       10155.000;
   291    2.577       10666.656       10188.500       10171.469       10155.000;
   292    2.585       10666.656       10188.500       10171.469       10155.000;
   293    2.594       10666.656       10188.500       10171.469       10155.000;
   294    2.603       10666.656       10188.500       10171.469       10155.000;
   295    2.612       10666.656       10188.500       10171.469       10155.000;
   296    2.621       10666.656       10188.500       10171.469       10155.000;
   297    2.630       10666.656       10188.500       10171.469       10155.000;
   298    2.639       10666.656       10188.500       10171.469       10155.000;
   299    2.647       10666.656       10188.500       10171.469       10155.000;
   300    2.656       10666.656       10188.500       10171.469       10155.000;
   301    2.665       10666.656       10188.500       10171.469       10155.000;
   302    2.674       10666.656       10188.500       10171.469       10155.000;
   303    2.683       10666.656       10188.500       10171.469       10155.000;
   304    2.692       10666.656       10188.500       10171.469       10155.000;
   305    2.701       10666.656       10188.500       10171.469       10155.000;
   306    2.709       10666.656       10188.500       10171.469       10155.000;
   307    2.718       10666.656       10188.500       10171.469       10155.000;
   308    2.727       10666.656       10188.500       10171.469       10155.000;
   309    2.736       10666.656       10188.500       10171.469       10155.000;
   310    2.745       10666.656       10188.500       10171.469       10155.000;
   311    2.754       10666.656       10188.500       10171.469       10155.000;
   312    2.763       10666.656       10188.500       10171.469       10155.000;
   313    2.771       10666.656       10188.500       10171.469       10155.000;
   314    2.780       10666.656       10188.500       10171.469       10155.000;
   315    2.789       10666.656       10188.500       10171.469       10155.000;
   316    2.798       10666.656       10188.500       10171.469       10155.000;
   317    2.807       10666.656       10188.500       10171.469       10155.000;
   318    2.816       10666.656       10188.500       10171.469       10155.000;
   319    2.824       10666.656       10188.500       10171.469       10155.000;
   320    2.833       10666.656       10188.500       10171.469       10155.000;
   321    2.842       10666.656       10188.500       10171.469       10155.000;
   322    2.851       10666.656       10188.500       10171.469       10155.000;
   323    2.860       10666.656       10188.500       10171.469       10155.000;
   324    2.869       10666.656       10188.500       10171.469       10155.000;
   325    2.878       10666.656       10188.500       10171.469       10155.000;
   326    2.886       10666.656       10188.500       10171.469       10155.000;
   327    2.895       10666.656       10188.500       10171.469       10155.000;
   328    2.904       10666.656       10188.500       10171.469       10155.000;
   329    2.913       10666.656       10188.500       10171.469       10155.000;
   330    2.922       10666.656       10188.500       10171.469       10155.000;
   331    2.931       10666.656       10188.500       10171.469       10155.000;
   332    2.940       10666.656       10188.500       10171.469       10155.000;
   333    2.948       10666.656       10188.500       10171.469       10155.000;
   334    2.957       10666.656       10188.500       10171.469       10155.000;
   335    2.966       10666.656       10188.500       10171.469       10155.000;
   336    2.975       10666.656       10188.500       10171.469       10155.000;
   337    2.984       10666.656       10188.500       10171.469       10155.000;
   338    2.993       10666.656       10188.500       10171.469       10155.000;
   339    3.002       10666.656       10188.500       10171.469       10155.000;
   340    3.010       10666.656       10188.500       10171.469       10155.000;
   341    3.019       10666.656       10188.500       10171.469       10155.000;
   342    3.028       10666.656       10188.500       10171.469       10155.000;
   343    3.037       10666.656       10188.500       10171.469       10155.000;
   344    3.046       10666.656       10188.500       10171.469       10155.000;
   345    3.055       10666.656       10188.500       10171.469       10155.000;
   346    3.064       10666.656       10188.500       10171.469       10155.000;
   347    3.072       10666.656       10188.500       10171.469       10155.000;
   348    3.081       10666.656       10188.500       10171.469       10155.000;
   349    3.090       10666.656       10188.500       10171.469       10155.000;
   350    3.099       10666.656       10188.500       10171.469       10155.000;
   351    3.108       10666.656       10188.500       10171.469       10155.000;
   352    3.117       10666.656       10188.500       10171.469       10155.000;
   353    3.126       10666.656       10188.500       10171.469       10155.000;
   354    3.134       10666.656       10188.500       10171.469       10155.000;
   355    3.143       10666.656       10188.500       10171.469       10155.000;
   356    3.152       10666.656       10188.500       10171.469       10155.000;
   357    3.161       10666.656       10188.500       10171.469       10155.000;
   358    3.170       10666.656       10188.500       10171.469       10155.000;
   359    3.179       10666.656       10188.500       10171.469       10155.000;
   360    3.188       10666.656       10188.500       10171.469       10155.000;
   361    3.196       10666.656       10188.500       10171.469       10155.000;
   362    3.205       10666.656       10188.500       10171.469       10155.000;
   363    3.214       10666.656       10188.500       10171.469       10155.000;
   364    3.223       10666.656       10188.500       10171.469       10155.000;
   365    3.232       10666.656       10188.500       10171.469       10155.000;
   366    3.241       10666.656       10188.500       10171.469       10155.000;
   367    3.249       10666.656       10188.500       10171.469       10155.000;
   368    3.258       10666.656       10188.500       10171.469       10155.000;
   369    3.267       10666.656       10188.500       10171.469       10155.000;
   370    3.276       10666.656       10188.500       10171.469       10155.000;
   371    3.285       10666.656       10188.500       10171.469       10155.000;
   372    3.294       10666.656       10188.500       10171.469       10155.000;
   373    3.303       10666.656       10188.500       10171.469       10155.000;
   374    3.311       10666.656       10188.500       10171.469       10155.000;
   375    3.320       10666.656       10188.500       10171.469       10155.000;
   376    3.329       10666.656       10188.500       10171.469       10155.000;
   377    3.338       10666.656       10188.500       10171.469       10155.000;
   378    3.347       10666.656       10188.500       10171.469       10155.000;
   379    3.356       10666.656       10188.500       10171.469       10155.000;
   380    3.365       10666.656       10188.500       10171.469       10155.000;
   381    3.373       10666.656       10188.500       10171.469       10155.000;
   382    3.382       10666.656       10188.500       10171.469       10155.000;
   383    3.391       10666.656       10188.500       10171.469       10155.000;
   384    3.400       10666.656       10188.500       10171.469       10155.000;
   385    3.409       10666.656       10188.500       10171.469       10155.000;
   386    3.418       10666.656       10188.500       10171.469       10155.000;
   387    3.427       10666.656       10188.500       10171.469       10155.000;
   388    3.435       10666.656       10188.500       10171.469       10155.000;
   389    3.444       10666.656       10188.500       10171.469       10155.000;
   390    3.453       10666.656       10188.500       10171.469       10155.000;
   391    3.462       10666.656       10188.500       10171.469       10155.000;
   392    3.471       10666.656       10188.500       10171.469       10155.000;
   393    3.480       10666.656       10188.500       10171.469       10155.000;
   394    3.489       10666.656       10188.500       10171.469       10155.000;
   395    3.497       10666.656       10188.500       10171.469       10155.000;
   396    3.506       10666.656       10188.500       10171.469       10155.000;
   397    3.515       10666.656       10188.500       10171.469       10155.000;
   398    3.524       10666.656       10188.500       10171.469       10155.000;
   399    3.533       10666.656       10188.500       10171.469       10155.000;
   400    3.542       10666.656       10188.500       10171.469       10155.000;
   401    3.551       10666.656       10188.500       10171.469       10155.000;
   402    3.559       10666.656       10188.500       10171.469       10155.000;
   403    3.568       10666.656       10188.500       10171.469       10155.000;
   404    3.577       10666.656       10188.500       10171.469       10155.000;
   405    3.586       10666.656       10188.500       10171.469       10155.000;
   406    3.595       10666.656       10188.500       10171.469       10155.000;
   407    3.604       10666.656       10188.500       10171.469       10155.000;
   408    3.613       10666.656       10188.500       10171.469       10155.000;
   409    3.621       10666.656       10188.500       10171.469       10155.000;
   410    3.630       10666.656       10188.500       10171.469       10155.000;
   411    3.639       10666.656       10188.500       10171.469       10155.000;
   412    3.648       10666.656       10188.500       10171.469       10155.000;
   413    3.657       10666.656       10188.500       10171.469       10155.000;
   414    3.666       10666.656       10188.500       10171.469       10155.000;
   415    3.674       10666.656       10188.500       10171.469       10155.000;
   416    3.683       10666.656       10188.500       10171.469       10155.000;
   417    3.692       10666.656       10188.500       10171.469       10155.000;
   418    3.701       10666.656       10188.500       10171.469       10155.000;
   419    3.710       10666.656       10188.500       10171.469       10155.000;
   420    3.719       10666.656       10188.500       10171.469       10155.000;
   421    3.728       10666.656       10188.500       10171.469       10155.000;
   422    3.736       10666.656       10188.500       10171.469       10155.000;
   423    3.745       10666.656       10188.500       10171.469       10155.000;
   424    3.754       10666.656       10188.500       10171.469       10155.000;
   425    3.763       10666.656       10188.500       10171.469       10155.000;
   426    3.772       10666.656       10188.500       10171.469       10155.000;
   427    3.781       10666.656       10188.500       10171.469       10155.000;
   428    3.790       10666.656       10188.500       10171.469       10155.000;
   429    3.798       10666.656       10188.500       10171.469       10155.000;
   430    3.807       10666.656       10188.500       10171.469       10155.000;
   431    3.816       10666.656       10188.500       10171.469       10155.031;
   432    3.825       10666.656       10188.500       10171.469       10155.031;
   433    3.834       10666.656       10188.500       10171.469       10155.031;
   434    3.843       10666.656       10188.500       10171.469       10155.063;
   435    3.852       10666.656       10188.500       10171.469       10155.063;
   436    3.860       10666.656       10188.500       10171.469       10155.094;
   437    3.869       10666.656       10188.500       10171.469       10155.094;
   438    3.878       10666.656       10188.500       10171.469       10155.094;
   439    3.887       10666.656       10188.500       10171.469       10155.125;
   440    3.896       10666.656       10188.500       10171.469       10155.125;
   441    3.905       10666.656       10188.500       10171.469       10155.125;
   442    3.914       10666.656       10188.500       10171.469       10155.156;
   443    3.922       10666.656       10188.500       10171.469       10155.156;
   444    3.931       10666.656       10188.500       10171.469       10155.188;
   445    3.940       10666.656       10188.500       10171.469       10155.188;
   446    3.949       10666.656       10188.500       10171.469       10155.188;
   447    3.958       10666.656       10188.500       10171.469       10155.219;
   448    3.967       10666.656       10188.500       10171.469       10155.219;
   449    3.976       10666.656       10188.500       10171.469       10155.250;
   450    3.984       10666.656       10188.500       10171.469       10155.250;
   451    3.993       10666.656       10188.500       10171.469       10155.250;
   452    4.002           0.000       10188.500       10171.469       10155.281;
   453    4.011           0.000       10185.000       10171.469       10155.281;
   454    4.020           0.000       10166.688       10156.813       10144.906;
   455    4.029           0.000       10134.781       10129.063       10119.750;
   456    4.038           0.000       10090.375       10086.406       10078.844;
   457    4.046           0.000       10034.031       10032.875       10027.031;
   458    4.055           0.000        9966.125        9965.375        9959.563;
   459    4.064           0.000        9887.750        9886.281        9880.656;
   460    4.073           0.000        9800.594        9802.656        9799.969;
   461    4.082           0.000        9705.656        9706.813        9703.281;
   462    4.091           0.000        9603.875        9604.875        9601.688;
   463    4.099           0.000        9495.000        9494.844        9491.563;
   464    4.108           0.000        9380.156        9380.875        9378.563;
   465    4.117           0.000        9260.344        9260.938        9258.625;
   466    4.126           0.000        9135.000        9135.375        9131.906;
   467    4.135           0.000        9006.031        9006.219        9003.156;
   468    4.144           0.000        8873.438        8873.969        8870.969;
   469    4.153           0.000        8737.844        8737.500        8733.438;
   470    4.161           0.000        8599.281        8598.500        8595.344;
   471    4.170           0.000        8458.969        8461.875        8462.313;
   472    4.179           0.000        8316.250        8315.281        8311.750;
   473    4.188           0.000        8172.813        8175.313        8174.375;
   474    4.197           0.000        8028.000        8028.625        8026.875;
   475    4.206           0.000        7882.375        7879.594        7876.250;
   476    4.215           0.000        7736.094        7738.031        7738.594;
   477    4.223           0.000        7589.813        7589.094        7587.281;
   478    4.232           0.000        7443.281        7441.281        7438.750;
   479    4.241           0.000        7297.375        7299.344        7299.219;
   480    4.250           0.000        7151.688        7150.688        7147.656;
   481    4.259           0.000        7007.781        7010.000        7008.688;
   482    4.268           0.000        6865.188        6867.719        6867.406;
   483    4.277           0.000        6723.563        6722.500        6720.188;
   484    4.285           0.000        6583.000        6582.281        6580.813;
   485    4.294           0.000        6443.563        6445.031        6445.156;
   486    4.303           0.000        6305.031        6304.594        6302.313;
   487    4.312           0.000        6167.813        6169.531        6168.906;
   488    4.321           0.000        6032.125        6034.875        6036.844;
   489    4.330           0.000        5897.719        5895.406        5894.844;
   490    4.339           0.000        5765.125        5766.375        5769.156;
   491    4.347           0.000        5634.125        5635.406        5638.875;
   492    4.356           0.000        5504.344        5501.469        5502.563;
   493    4.365           0.000        5376.313        5375.781        5378.719;
   494    4.374           0.000        5249.563        5250.594        5255.438;
   495    4.383           0.000        5124.500        5124.000        5127.469;
   496    4.392           0.000        5001.375        5001.469        5005.156;
   497    4.401           0.000        4880.125        4883.906        4890.031;
   498    4.409           0.000        4760.688        4760.813        4764.438;
   499    4.418           0.000        4643.688        4643.406        4646.594;
   500    4.427           0.000        4529.188        4530.781        4535.750;
   501    4.436           0.000        4417.188        4418.156        4423.125;
   502    4.445           0.000        4307.438        4307.531        4310.906;
   503    4.454           0.000        4200.344        4201.063        4204.938;
   504    4.463           0.000        4095.906        4099.500        4104.938;
   505    4.471           0.000        3993.406        3995.344        3999.750;
   506    4.480           0.000        3893.281        3894.094        3897.844;
   507    4.489           0.000        3795.625        3797.438        3802.344;
   508    4.498           0.000        3700.406        3703.625        3710.063;
   509    4.507           0.000        3607.281        3609.813        3615.719;
   510    4.516           0.000        3516.406        3518.906        3524.344;
   511    4.524           0.000        3427.563        3428.688        3433.406;
   512    4.533           0.000        3341.063        3344.281        3351.031;
   513    4.542           0.000        3256.469        3259.844        3267.031;
   514    4.551           0.000        3173.625        3177.094        3182.875;
   515    4.560           0.000        3092.906        3096.094        3101.281;
   516    4.569           0.000        3014.188        3017.781        3023.313;
   517    4.578           0.000        2937.000        2941.844        2949.188;
   518    4.586           0.000        2861.906        2866.281        2873.781;
   519    4.595           0.000        2788.781        2792.750        2799.438;
   520    4.604           0.000        2717.219        2720.781        2726.906;
   521    4.613           0.000        2646.938        2649.719        2655.281;
   522    4.622           0.000        2578.250        2582.125        2589.250;
   523    4.631           0.000        2511.156        2515.781        2523.031;
   524    4.640           0.000        2445.875        2451.313        2458.844;
   525    4.648           0.000        2382.094        2386.500        2392.813;
   526    4.657           0.000        2319.906        2324.063        2329.813;
   527    4.666           0.000        2259.281        2262.844        2267.969;
   528    4.675           0.000        2200.188        2204.031        2209.813;
   529    4.684           0.000        2142.500        2147.344        2153.906;
   530    4.693           0.000        2086.563        2091.906        2098.625;
   531    4.702           0.000        2032.594        2037.750        2044.281;
   532    4.710           0.000        1980.406        1985.594        1991.750;
   533    4.719           0.000        1929.594        1934.313        1940.469;
   534    4.728           0.000        1880.313        1884.594        1890.031;
   535    4.737           0.000        1832.563        1836.813        1842.188;
   536    4.746           0.000        1786.406        1790.969        1797.156;
   537    4.755           0.000        1741.875        1746.875        1753.281;
   538    4.764           0.000        1698.750        1705.031        1712.031;
   539    4.772           0.000        1657.219        1663.250        1670.625;
   540    4.781           0.000        1617.219        1623.250        1630.656;
   541    4.790           0.000        1578.781        1585.000        1592.188;
   542    4.799           0.000        1542.000        1547.438        1554.406;
   543    4.808           0.000        1506.844        1512.688        1519.594;
   544    4.817           0.000        1473.313        1478.844        1486.000;
   545    4.826           0.000        1441.250        1447.094        1454.344;
   546    4.834           0.000        1410.500        1416.969        1424.500;
   547    4.843           0.000        1381.031        1387.563        1395.750;
   548    4.852           0.000        1352.656        1359.406        1367.656;
   549    4.861           0.000        1325.438        1332.563        1341.313;
   550    4.870           0.000        1299.375        1306.500        1315.250;
   551    4.879           0.000        1274.594        1281.906        1290.875;
   552    4.888           0.000        1251.000        1258.250        1267.063;
   553    4.896           0.000        1228.656        1235.219        1243.906;
   554    4.905           0.000        1207.406        1214.094        1222.750;
   555    4.914           0.000        1187.344        1193.594        1201.844;
   556    4.923           0.000        1168.406        1174.500        1182.938;
   557    4.932           0.000        1150.438        1156.250        1164.531;
   558    4.941           0.000        1133.531        1139.313        1147.281;
   559    4.949           0.000        1117.563        1123.094        1130.938;
   560    4.958           0.000        1102.531        1107.688        1115.250;
   561    4.967           0.000        1088.438        1093.500        1101.281;
   562    4.976           0.000        1075.219        1080.688        1088.000;
   563    4.985           0.000        1062.969        1068.344        1075.875;
   564    4.994           0.000        1051.563        1057.219        1064.625;
   565    5.003           0.000        1041.063        1046.531        1054.063;
   566    5.011           0.000        1031.313        1036.906        1044.469;
   567    5.020           0.000        1022.469        1028.125        1035.688;
   568    5.029           0.000        1014.281        1020.063        1027.656;
   569    5.038           0.000        1006.813        1012.688        1020.438;
   570    5.047           0.000         999.969        1005.969        1013.906;
   571    5.056           0.000         993.813        1000.031        1007.719;
   572    5.065           0.000         988.219         994.500        1002.375;
   573    5.073           0.000         983.156         989.500         997.656;
   574    5.082           0.000         978.750         985.281         993.156;
   575    5.091           0.000         974.750         981.156         989.344;
   576    5.100           0.000         971.125         977.656         985.656;
   577    5.109           0.000         967.969         974.438         982.500;
   578    5.118           0.000         965.156         971.625         979.656;
   579    5.127           0.000         962.594         969.250         977.219;
   580    5.135           0.000         960.375         966.938         975.000;
   581    5.144           0.000         958.375         964.938         973.125;
   582    5.153           0.000         956.563         963.125         971.031;
   583    5.162           0.000         955.000         961.563         969.563;
   584    5.171           0.000         953.563         960.219         968.031;
   585    5.180           0.000         952.281         958.813         966.813;
   586    5.189           0.000         951.094         957.594         965.781;
   587    5.197           0.000         950.156         956.656         964.719;
   588    5.206           0.000         949.281         955.750         963.688;
   589    5.215           0.000         948.500         954.969         962.906;
   590    5.224           0.000         947.813         954.313         962.063;
   591    5.233           0.000         947.094         953.594         961.531;
   592    5.242           0.000         946.625         953.188         960.938;
   593    5.251           0.000         946.031         952.594         960.281;
   594    5.259           0.000         945.719         952.219         959.938;
   595    5.268           0.000         945.250         951.719         959.438;
   596    5.277           0.000         945.000         951.500         959.031;
   597    5.286           0.000         944.813         951.094         958.969;
   598    5.295           0.000         944.469         950.688         958.625;
   599    5.304           0.000         944.125         950.500         958.281;
   600    5.313           0.000         944.000         950.438         958.031;
   601    5.321           0.000         944.000         950.156         958.031;
   602    5.330           0.000         943.813         949.906         957.938;
   603    5.339           0.000         943.594         949.625         957.719;
   604    5.348           0.000         943.406         949.500         957.500;
   605    5.357           0.000         943.188         949.500         957.313;
   606    5.366           0.000         943.000         949.500         957.094;
   607    5.374           0.000         943.000         949.438         957.031;
   608    5.383           0.000         943.000         949.281         957.031;
   609    5.392           0.000         943.000         949.125         956.969;
   610    5.401           0.000         943.000         949.000         956.813;
   611    5.410           0.000         942.938         948.844         956.688;
   612    5.419           0.000         942.813         948.688         956.531;
   613    5.428           0.000         942.719         948.563         956.406;
   614    5.436           0.000         942.594         948.500         956.250;
   615    5.445           0.000         942.500         948.500         956.125;
   616    5.454           0.000         942.406         948.500         956.031;
   617    5.463           0.000         942.281         948.438         956.031;
   618    5.472           0.000         942.188         948.344         955.938;
   619    5.481           0.000         942.063         948.250         955.844;
   620    5.490           0.000         942.000         948.156         955.719;
   621    5.498           0.000         942.000         948.063         955.594;
   622    5.507           0.000         942.000         947.969         955.500;
   623    5.516           0.000         941.938         947.844         955.375;
   624    5.525           0.000         941.844         947.750         955.250;
   625    5.534           0.000         941.750         947.656         955.156;
   626    5.543           0.000         941.688         947.563         955.031;
   627    5.552           0.000         941.594         947.469         955.031;
   628    5.560           0.000         941.500         947.344         954.906;
   629    5.569           0.000         941.406         947.250         954.813;
   630    5.578           0.000         941.344         947.156         954.719;
   631    5.587           0.000         940.906         947.063         954.594;
   632    5.596           0.000         940.813         946.969         954.500;
   633    5.605           0.000         940.688         946.844         954.406;
   634    5.614           0.000         940.563         946.750         954.281;
   635    5.622           0.000         940.438         946.656         954.188;
   636    5.631           0.000         940.313         946.375         953.938;
   637    5.640           0.000         940.188         946.250         953.813;
   638    5.649           0.000         940.063         946.125         953.688;
   639    5.658           0.000         939.906         946.000         953.563;
   640    5.667           0.000         939.781         945.875         953.469;
   641    5.676           0.000         939.656         945.781         953.344;
   642    5.684           0.000         939.531         945.656         953.219;
   643    5.693           0.000         939.406         945.531         953.000;
   644    5.702           0.000         939.281         945.438         952.875;
   645    5.711           0.000         939.156         945.313         952.750;
   646    5.720           0.000         939.031         945.219         952.625;
   647    5.729           0.000         938.906         945.094         952.469;
   648    5.738           0.000         938.781         944.969         952.344;
   649    5.746           0.000         938.656         944.875         952.219;
   650    5.755           0.000         938.531         944.750         952.094;
   651    5.764           0.000         938.406         944.625         952.031;
   652    5.773           0.000         938.281         944.469         951.906;
   653    5.782           0.000         938.156         944.375         951.781;
   654    5.791           0.000         938.031         944.250         951.656;
   655    5.799           0.000         938.000         944.125         951.531;
   656    5.808           0.000         937.906         944.000         951.406;
   657    5.817           0.000         937.813         943.875         951.281;
   658    5.826           0.000         937.688         943.750         951.156;
   659    5.835           0.000         937.563         943.656         951.031;
   660    5.844           0.000         937.469         943.531         951.031;
   661    5.853           0.000         937.344         943.500         951.031;
   662    5.861           0.000         937.250         943.406         950.969;
   663    5.870           0.000         937.125         943.313         950.875;
   664    5.879           0.000         937.031         943.188         950.781;
   665    5.888           0.000         937.000         943.094         950.688;
   666    5.897           0.000         937.000         943.000         950.594;
   667    5.906           0.000         936.906         942.875         950.469;
   668    5.915           0.000         936.813         942.781         950.375;
   669    5.923           0.000         936.719         942.656         950.281;
   670    5.932           0.000         936.625         942.563         950.188;
   671    5.941           0.000         936.531         942.500         950.094;
   672    5.950           0.000         936.438         942.469         950.031;
   673    5.959           0.000         936.344         942.344         950.031;
   674    5.968           0.000         936.250         942.250         949.969;
   675    5.977           0.000         936.156         942.156         949.875;
   676    5.985           0.000         936.063         942.063         949.781;
   677    5.994           0.000         935.906         941.969         949.719;
   678    6.003           0.000         935.813         941.875         949.625;
   679    6.012           0.000         935.719         941.781         949.531;
   680    6.021           0.000         935.625         941.688         949.469;
   681    6.030           0.000         935.531         941.594         949.375;
   682    6.039           0.000         935.438         941.500         949.281;
   683    6.047           0.000         935.344         941.406         949.219;
   684    6.056           0.000         935.250         941.313         948.969;
   685    6.065           0.000         935.125         941.219         948.875;
   686    6.074           0.000         935.031         941.125         948.781;
   687    6.083           0.000         935.000         941.031         948.688;
   688    6.092           0.000         934.906         940.938         948.594;
   689    6.101           0.000         934.813         940.844         948.500;
   690    6.109           0.000         934.719         940.750         948.406;
   691    6.118           0.000         934.656         940.656         948.281;
   692    6.127           0.000         934.563         940.563         948.188;
   693    6.136           0.000         934.469         940.500         948.094;
   694    6.145           0.000         934.375         940.438         948.000;
   695    6.154           0.000         934.281         940.344         947.906;
   696    6.163           0.000         934.188         940.250         947.813;
   697    6.171           0.000         934.094         940.156         947.719;
   698    6.180           0.000         934.000         940.063         947.594;
   699    6.189           0.000         934.000         939.969         947.500;
   700    6.198           0.000         933.938         939.906         947.406;
   701    6.207           0.000         933.875         939.813         947.313;
   702    6.216           0.000         933.781         939.719         947.219;
   703    6.224           0.000         933.719         939.625         947.125;
   704    6.233           0.000         933.625         939.531         947.031;
   705    6.242           0.000         933.531         939.500         947.031;
   706    6.251           0.000         933.469         939.500         947.031;
   707    6.260           0.000         933.375         939.406         946.938;
   708    6.269           0.000         933.313         939.344         946.875;
   709    6.278           0.000         933.219         939.250         946.781;
   710    6.286           0.000         933.156         939.156         946.719;
   711    6.295           0.000         933.063         939.094         946.625;
   712    6.304           0.000         933.000         939.000         946.531;
   713    6.313           0.000         932.938         938.938         946.469;
   714    6.322           0.000         932.875         938.844         946.375;
   715    6.331           0.000         932.781         938.781         946.313;
   716    6.340           0.000         932.719         938.688         946.219;
   717    6.348           0.000         932.625         938.625         946.156;
   718    6.357           0.000         932.563         938.531         946.063;
   719    6.366           0.000         932.469         938.500         946.031;
   720    6.375           0.000         932.406         938.469         946.031;
   721    6.384           0.000         932.313         938.406         945.938;
   722    6.393           0.000         932.250         938.313         945.875;
   723    6.402           0.000         932.188         938.250         945.813;
   724    6.410           0.000         932.094         938.188         945.719;
   725    6.419           0.000         931.969         938.125         945.656;
   726    6.428           0.000         931.875         938.031         945.594;
   727    6.437           0.000         931.781         937.969         945.500;
   728    6.446           0.000         931.719         937.906         945.438;
   729    6.455           0.000         931.625         937.813         945.375;
   730    6.464           0.000         931.563         937.750         945.281;
   731    6.472           0.000         931.469         937.688         945.219;
   732    6.481           0.000         931.375         937.594         944.969;
   733    6.490           0.000         931.313         937.438         944.875;
   734    6.499           0.000         931.219         937.375         944.781;
   735    6.508           0.000         931.125         937.281         944.688;
   736    6.517           0.000         931.063         937.219         944.625;
   737    6.526           0.000         930.969         937.125         944.531;
   738    6.534           0.000         930.875         937.063         944.438;
   739    6.543           0.000         930.813         936.969         944.344;
   740    6.552           0.000         930.719         936.906         944.250;
   741    6.561           0.000         930.625         936.813         944.156;
   742    6.570           0.000         930.563         936.750         944.094;
   743    6.579           0.000         930.469         936.656         944.031;
   744    6.588           0.000         930.406         936.594         944.031;
   745    6.596           0.000         930.313         936.500         944.031;
   746    6.605           0.000         930.219         936.500         944.031;
   747    6.614           0.000         930.156         936.500         944.000;
   748    6.623           0.000         930.063         936.500         943.938;
   749    6.632           0.000         930.000         936.500         943.875;
   750    6.641           0.000         930.000         936.500         943.813;
   751    6.649           0.000         930.000         936.500         943.750;
   752    6.658           0.000         930.000         936.500         943.688;
   753    6.667           0.000         930.000         936.500         943.625;
   754    6.676           0.000         930.000         936.469         943.563;
   755    6.685           0.000         930.000         936.406         943.500;
   756    6.694           0.000         930.000         936.375         943.438;
   757    6.703           0.000         930.000         936.313         943.375;
   758    6.711           0.000         930.000         936.281         943.313;
   759    6.720           0.000         930.000         936.219         943.250;
   760    6.729           0.000         930.000         936.188         943.188;
   761    6.738           0.000         930.000         936.125         943.125;
   762    6.747           0.000         929.938         936.094         943.063;
   763    6.756           0.000         929.906         936.031         943.031;
   764    6.765           0.000         929.875         936.000         943.031;
   765    6.773           0.000         929.813         935.938         943.031;
   766    6.782           0.000         929.781         935.906         943.031;
   767    6.791           0.000         929.750         935.844         943.031;
   768    6.800           0.000         929.688         935.813         943.031;
   769    6.809           0.000         929.656         935.438         942.969;
   770    6.818           0.000         929.625         935.375         942.938;
   771    6.827           0.000         929.563         935.313         942.875;
   772    6.835           0.000         929.531         935.250         942.844;
   773    6.844           0.000         929.500         935.188         942.781;
   774    6.853           0.000         928.969         935.094         942.750;
   775    6.862           0.000         928.906         935.031         942.688;
   776    6.871           0.000         928.813         934.969         942.656;
   777    6.880           0.000         928.750         934.906         942.594;
   778    6.889           0.000         928.656         934.844         942.563;
   779    6.897           0.000         928.594         934.750         942.500;
   780    6.906           0.000         928.500         934.688         942.469;
   781    6.915           0.000         928.438         934.625         942.406;
   782    6.924           0.000         928.344         934.563         942.375;
   783    6.933           0.000         928.281         934.500         942.313;
   784    6.942           0.000         928.188         934.500         942.281;
   785    6.951           0.000         928.125         934.438         942.219;
   786    6.959           0.000         928.031         934.375         942.188;
   787    6.968           0.000         928.000         934.313         942.000;
   788    6.977           0.000         928.000         934.250         941.938;
   789    6.986           0.000         928.000         934.188         941.875;
   790    6.995           0.000         928.000         934.125         941.813;
   791    7.004           0.000         927.969         934.094         941.781;
   792    7.013           0.000         927.906         934.031         941.719;
   793    7.021           0.000         927.844         933.969         941.656;
   794    7.030           0.000         927.781         933.906         941.594;
   795    7.039           0.000         927.719         933.844         941.563;
   796    7.048           0.000         927.656         933.469         941.500;
   797    7.057           0.000         927.594         933.375         941.000;
   798    7.066           0.000         927.531         933.281         940.906;
   799    7.074           0.000         927.469         933.219         940.813;
   800    7.083           0.000         926.875         933.125         940.719;
   801    7.092           0.000         926.750         933.031         940.625;
   802    7.101           0.000         926.656         932.938         940.531;
   803    7.110           0.000         926.531         932.844         940.438;
   804    7.119           0.000         926.406         932.781         940.344;
   805    7.128           0.000         926.281         932.688         940.250;
   806    7.136           0.000         926.188         932.594         940.125;
   807    7.145           0.000         926.063         932.406         939.969;
   808    7.154           0.000         926.000         932.281         939.875;
   809    7.163           0.000         926.000         932.188         939.750;
   810    7.172           0.000         926.000         932.094         939.656;
   811    7.181           0.000         926.000         932.000         939.563;
   812    7.190           0.000         926.000         931.906         939.438;
   813    7.198           0.000         925.906         931.813         939.344;
   814    7.207           0.000         925.844         931.719         939.250;
   815    7.216           0.000         925.750         931.594         939.125;
   816    7.225           0.000         925.688         931.500         939.031;
   817    7.234           0.000         925.594         931.500         939.031;
   818    7.243           0.000         925.531         931.500         939.031;
   819    7.252           0.000         925.438         931.406         938.969;
   820    7.260           0.000         925.375         931.344         938.875;
   821    7.269           0.000         925.281         931.250         938.813;
   822    7.278           0.000         925.219         931.156         938.719;
   823    7.287           0.000         925.125         931.094         938.625;
   824    7.296           0.000         924.938         931.000         938.531;
   825    7.305           0.000         924.844         930.906         938.469;
   826    7.314           0.000         924.750         930.844         938.375;
   827    7.322           0.000         924.656         930.750         938.281;
   828    7.331           0.000         924.563         930.656         938.219;
   829    7.340           0.000         924.500         930.594         938.125;
   830    7.349           0.000         924.406         930.500         938.031;
   831    7.358           0.000         924.313         930.500         938.031;
   832    7.367           0.000         924.219         930.500         938.031;
   833    7.376           0.000         924.125         930.500         938.031;
   834    7.384           0.000         924.031         930.500         938.031;
   835    7.393           0.000         924.000         930.500         938.031;
   836    7.402           0.000         924.000         930.500         938.031;
   837    7.411           0.000         924.000         930.500         937.969;
   838    7.420           0.000         924.000         930.438         937.906;
   839    7.429           0.000         924.000         930.406         937.844;
   840    7.438           0.000         924.000         930.344         937.813;
   841    7.446           0.000         924.000         930.281         937.750;
   842    7.455           0.000         924.000         930.250         937.688;
   843    7.464           0.000         924.000         930.188         937.625;
   844    7.473           0.000         924.000         930.125         937.563;
   845    7.482           0.000         924.000         930.094         937.531;
   846    7.491           0.000         924.000         930.031         937.469;
   847    7.499           0.000         924.000         929.969         937.406;
   848    7.508           0.000         924.000         929.938         937.344;
   849    7.517           0.000         924.000         929.875         937.281;
   850    7.526           0.000         923.969         929.813         937.250;
   851    7.535           0.000         923.938         929.781         937.188;
   852    7.544           0.000         923.906         929.719         937.125;
   853    7.553           0.000         923.844         929.656         937.063;
   854    7.561           0.000         923.813         929.625         937.031;
   855    7.570           0.000         923.781         929.563         937.031;
   856    7.579           0.000         923.750         929.500         937.031;
   857    7.588           0.000         923.719         929.500         937.031;
   858    7.597           0.000         923.656         929.500         937.031;
   859    7.606           0.000         923.625         929.500         937.031;
   860    7.615           0.000         923.594         929.500         937.031;
   861    7.623           0.000         923.563         929.500         937.000;
   862    7.632           0.000         923.500         929.500         936.969;
   863    7.641           0.000         923.469         929.500         936.938;
   864    7.650           0.000         923.438         929.500         936.906;
   865    7.659           0.000         923.406         929.500         936.844;
   866    7.668           0.000         923.375         929.500         936.813;
   867    7.677           0.000         923.313         929.500         936.781;
   868    7.685           0.000         923.281         929.469         936.719;
   869    7.694           0.000         923.250         929.438         936.688;
   870    7.703           0.000         923.219         929.406         936.656;
   871    7.712           0.000         923.156         929.375         936.625;
   872    7.721           0.000         923.125         929.344         936.563;
   873    7.730           0.000         923.094         929.313         936.531;
   874    7.739           0.000         923.063         929.281         936.500;
   875    7.747           0.000         923.031         929.250         936.438;
   876    7.756           0.000         923.000         929.219         936.406;
   877    7.765           0.000         923.000         929.188         936.375;
   878    7.774           0.000         923.000         929.156         936.344;
   879    7.783           0.000         923.000         929.125         936.281;
   880    7.792           0.000         923.000         929.094         936.250;
   881    7.801           0.000         923.000         929.063         936.219;
   882    7.809           0.000         922.969         929.031         936.156;
   883    7.818           0.000         922.938         929.000         936.125;
   884    7.827           0.000         922.906         928.969         936.094;
   885    7.836           0.000         922.875         928.938         936.063;
   886    7.845           0.000         922.844         928.906         936.031;
   887    7.854           0.000         922.813         928.875         936.031;
   888    7.863           0.000         922.781         928.813         936.031;
   889    7.871           0.000         922.750         928.781         936.031;
   890    7.880           0.000         922.719         928.750         936.000;
   891    7.889           0.000         922.688         928.719         935.969;
   892    7.898           0.000         922.656         928.688         935.938;
   893    7.907           0.000         922.625         928.656         935.906;
   894    7.916           0.000         922.594         928.625         935.875;
   895    7.924           0.000         922.563         928.469         935.813;
   896    7.933           0.000         922.531         928.438         935.781;
   897    7.942           0.000         922.500         928.375         935.750;
   898    7.951           0.000         922.469         928.344         935.719;
   899    7.960           0.000         922.438         928.313         935.688;
   900    7.969           0.000         922.406         928.281         935.656;
   901    7.978           0.000         922.375         928.250         935.625;
   902    7.986           0.000         922.344         928.188         935.594]
