 Sample   Time     Commanded Pos   Encoder 1 Pos   Encoder 2 Pos   Encoder 3 Pos 

[    0    0.000       10666.656           0.000           0.000           0.000;
     1    0.009       10666.656           6.000           1.469           0.500;
     2    0.018       10666.656          27.125          19.906          17.000;
     3    0.027       10666.656          65.813          55.281          50.344;
     4    0.035       10666.656         120.500         108.750         103.469;
     5    0.044       10666.656         190.781         178.344         172.375;
     6    0.053       10666.656         275.438         260.719         253.375;
     7    0.062       10666.656         373.094         357.625         350.313;
     8    0.071       10666.656         481.750         466.594         459.031;
     9    0.080       10666.656         602.219         585.031         576.875;
    10    0.089       10666.656         734.188         718.125         710.938;
    11    0.097       10666.656         876.000         857.031         847.969;
    12    0.106       10666.656        1026.281        1008.000         999.219;
    13    0.115       10666.656        1186.500        1167.125        1157.625;
    14    0.124       10666.656        1353.563        1332.906        1321.688;
    15    0.133       10666.656        1528.469        1510.375        1499.813;
    16    0.142       10666.656        1711.313        1690.375        1677.031;
    17    0.151       10666.656        1900.406        1880.906        1868.938;
    18    0.159       10666.656        2096.375        2072.969        2059.469;
    19    0.168       10666.656        2297.531        2274.281        2262.875;
    20    0.177       10666.656        2503.406        2479.969        2467.063;
    21    0.186       10666.656        2713.375        2687.813        2673.563;
    22    0.195       10666.656        2927.219        2902.344        2887.906;
    23    0.204       10666.656        3144.438        3116.750        3099.594;
    24    0.213       10666.656        3364.000        3338.438        3321.906;
    25    0.221       10666.656        3584.625        3560.688        3543.313;
    26    0.230       10666.656        3808.000        3781.063        3761.313;
    27    0.239       10666.656        4032.719        4006.469        3985.969;
    28    0.248       10666.656        4257.938        4226.906        4205.781;
    29    0.257       10666.656        4484.250        4459.188        4439.875;
    30    0.266       10666.656        4710.531        4680.750        4660.156;
    31    0.274       10666.656        4936.938        4908.938        4888.750;
    32    0.283       10666.656        5162.875        5135.625        5115.906;
    33    0.292       10666.656        5387.250        5356.250        5334.375;
    34    0.301       10666.656        5609.719        5583.469        5563.750;
    35    0.310       10666.656        5831.094        5799.844        5777.594;
    36    0.319       10666.656        6051.625        6026.063        6005.781;
    37    0.328       10666.656        6270.406        6238.563        6213.500;
    38    0.336       10666.656        6486.375        6459.500        6436.094;
    39    0.345       10666.656        6699.125        6668.906        6644.250;
    40    0.354       10666.656        6909.375        6881.750        6858.125;
    41    0.363       10666.656        7117.500        7088.188        7064.219;
    42    0.372       10666.656        7322.563        7293.375        7268.750;
    43    0.381       10666.656        7524.375        7499.063        7477.750;
    44    0.390       10666.656        7722.938        7695.500        7671.813;
    45    0.398       10666.656        7917.781        7893.750        7872.750;
    46    0.407       10666.656        8108.813        8085.813        8064.063;
    47    0.416       10666.656        8296.031        8272.313        8250.656;
    48    0.425       10666.656        8478.969        8457.250        8436.531;
    49    0.434       10666.656        8657.594        8629.625        8606.031;
    50    0.443       10666.656        8832.188        8813.813        8794.906;
    51    0.452       10666.656        9001.781        8970.813        8944.250;
    52    0.460       10666.656        9167.188        9153.563        9137.000;
    53    0.469       10666.656        9327.813        9296.781        9271.000;
    54    0.478       10666.656        9483.656        9467.969        9453.219;
    55    0.487       10666.656        9634.906        9610.250        9590.906;
    56    0.496       10666.656        9781.219        9755.219        9735.969;
    57    0.505       10666.656        9924.000        9907.188        9893.000;
    58    0.514       10666.656       10061.375       10034.125       10013.438;
    59    0.522       10666.656       10194.031       10174.906       10159.531;
    60    0.531       10666.656       10322.125       10303.875       10288.031;
    61    0.540       10666.656       10444.719       10424.063       10407.406;
    62    0.549       10666.656       10562.156       10540.938       10525.219;
    63    0.558       10666.656       10675.156       10658.875       10645.438;
    64    0.567       10666.656       10782.875       10765.156       10750.719;
    65    0.576       10666.656       10885.313       10864.438       10848.219;
    66    0.584       10666.656       10982.969       10964.781       10950.875;
    67    0.593       10666.656       11075.531       11059.250       11046.344;
    68    0.602       10666.656       11163.250       11145.719       11132.344;
    69    0.611       10666.656       11245.719       11227.469       11213.625;
    70    0.620       10666.656       11323.031       11304.906       11291.000;
    71    0.629       10666.656       11395.875       11379.656       11367.000;
    72    0.638       10666.656       11464.344       11450.094       11439.094;
    73    0.646       10666.656       11528.438       11513.031       11501.344;
    74    0.655       10666.656       11587.906       11571.156       11558.844;
    75    0.664       10666.656       11642.688       11625.688       11612.875;
    76    0.673       10666.656       11693.094       11676.750       11664.281;
    77    0.682       10666.656       11739.406       11724.500       11713.125;
    78    0.691       10666.656       11781.469       11767.906       11756.813;
    79    0.699       10666.656       11819.656       11808.000       11797.594;
    80    0.708       10666.656       11853.875       11842.844       11832.750;
    81    0.717       10666.656       11884.688       11874.156       11864.094;
    82    0.726       10666.656       11912.219       11901.688       11891.313;
    83    0.735       10666.656       11936.563       11926.156       11915.469;
    84    0.744       10666.656       11957.813       11947.563       11936.844;
    85    0.753       10666.656       11976.188       11965.656       11954.969;
    86    0.761       10666.656       11991.469       11980.875       11970.063;
    87    0.770       10666.656       12003.750       11993.000       11982.094;
    88    0.779       10666.656       12012.938       12002.156       11991.344;
    89    0.788       10666.656       12019.344       12008.781       11997.938;
    90    0.797       10666.656       12023.000       12012.594       12001.875;
    91    0.806       10666.656       12024.000       12014.000       12003.469;
    92    0.815       10666.656       12024.000       12014.000       12003.469;
    93    0.823       10666.656       12020.344       12012.531       12003.469;
    94    0.832       10666.656       12014.156       12007.938       11999.438;
    95    0.841       10666.656       12006.281       12001.625       11993.813;
    96    0.850       10666.656       11997.000       11993.594       11986.531;
    97    0.859       10666.656       11986.313       11984.219       11977.938;
    98    0.868       10666.656       11974.563       11973.594       11968.219;
    99    0.877       10666.656       11962.063       11962.219       11957.406;
   100    0.885       10666.656       11948.906       11950.031       11945.750;
   101    0.894       10666.656       11935.281       11937.125       11933.188;
   102    0.903       10666.656       11921.281       11923.594       11920.406;
   103    0.912       10666.656       11907.000       11909.688       11906.781;
   104    0.921       10666.656       11892.531       11895.750       11893.281;
   105    0.930       10666.656       11877.750       11881.469       11879.344;
   106    0.939       10666.656       11862.844       11866.844       11865.219;
   107    0.947       10666.656       11847.906       11852.063       11850.750;
   108    0.956       10666.656       11832.813       11837.219       11836.156;
   109    0.965       10666.656       11817.563       11822.031       11821.094;
   110    0.974       10666.656       11802.156       11807.000       11806.156;
   111    0.983       10666.656       11786.500       11791.469       11790.844;
   112    0.992       10666.656       11770.781       11775.719       11775.125;
   113    1.001       10666.656       11754.938       11760.000       11759.531;
   114    1.009       10666.656       11739.063       11743.969       11743.313;
   115    1.018       10666.656       11723.250       11728.406       11727.844;
   116    1.027       10666.656       11707.563       11712.781       11712.250;
   117    1.036       10666.656       11692.063       11697.406       11696.875;
   118    1.045       10666.656       11676.750       11682.344       11682.031;
   119    1.054       10666.656       11661.688       11667.188       11666.844;
   120    1.063       10666.656       11646.938       11652.594       11652.375;
   121    1.071       10666.656       11632.625       11638.281       11638.219;
   122    1.080       10666.656       11618.594       11624.719       11624.750;
   123    1.089       10666.656       11605.031       11611.219       11611.563;
   124    1.098       10666.656       11591.844       11598.156       11598.656;
   125    1.107       10666.656       11579.031       11585.563       11585.781;
   126    1.116       10666.656       11566.688       11573.094       11573.500;
   127    1.124       10666.656       11554.875       11561.406       11561.750;
   128    1.133       10666.656       11543.438       11549.969       11550.688;
   129    1.142       10666.656       11532.344       11539.063       11539.906;
   130    1.151       10666.656       11521.563       11528.313       11528.938;
   131    1.160       10666.656       11511.188       11517.906       11518.750;
   132    1.169       10666.656       11501.125       11507.750       11508.531;
   133    1.178       10666.656       11491.438       11498.063       11498.750;
   134    1.186       10666.656       11482.063       11488.719       11489.406;
   135    1.195       10666.656       11473.063       11479.594       11480.469;
   136    1.204       10666.656       11464.250       11470.625       11471.625;
   137    1.213       10666.656       11455.594       11461.938       11463.000;
   138    1.222       10666.656       11447.156       11453.375       11454.375;
   139    1.231       10666.656       11438.875       11445.125       11446.125;
   140    1.240       10666.656       11430.906       11437.094       11438.094;
   141    1.248       10666.656       11423.219       11429.188       11430.188;
   142    1.257       10666.656       11415.688       11421.656       11422.750;
   143    1.266       10666.656       11408.438       11414.031       11415.000;
   144    1.275       10666.656       11401.375       11406.813       11407.656;
   145    1.284       10666.656       11394.531       11399.969       11400.719;
   146    1.293       10666.656       11387.969       11393.406       11393.969;
   147    1.302       10666.656       11381.594       11386.938       11387.625;
   148    1.310       10666.656       11375.469       11380.750       11381.469;
   149    1.319       10666.656       11369.531       11374.844       11375.594;
   150    1.328       10666.656       11363.781       11369.250       11369.719;
   151    1.337       10666.656       11358.188       11363.406       11364.000;
   152    1.346       10666.656       11352.969       11357.938       11358.406;
   153    1.355       10666.656       11347.781       11352.719       11353.031;
   154    1.364       10666.656       11342.750       11347.531       11347.938;
   155    1.372       10666.656       11337.969       11342.594       11343.031;
   156    1.381       10666.656       11333.281       11337.969       11338.125;
   157    1.390       10666.656       11328.813       11333.281       11333.500;
   158    1.399       10666.656       11324.438       11328.906       11329.000;
   159    1.408       10666.656       11320.188       11324.531       11324.688;
   160    1.417       10666.656       11316.094       11320.531       11320.594;
   161    1.426       10666.656       11312.094       11316.406       11316.563;
   162    1.434       10666.656       11308.250       11312.656       11312.688;
   163    1.443       10666.656       11304.500       11308.750       11308.844;
   164    1.452       10666.656       11300.875       11305.219       11305.094;
   165    1.461       10666.656       11297.344       11301.500       11301.469;
   166    1.470       10666.656       11293.906       11298.094       11297.938;
   167    1.479       10666.656       11290.625       11294.625       11294.594;
   168    1.488       10666.656       11287.438       11291.344       11291.188;
   169    1.496       10666.656       11284.375       11288.281       11288.094;
   170    1.505       10666.656       11281.344       11285.156       11284.906;
   171    1.514       10666.656       11278.313       11282.250       11281.906;
   172    1.523       10666.656       11275.563       11279.281       11279.063;
   173    1.532       10666.656       11272.844       11276.469       11276.188;
   174    1.541       10666.656       11270.063       11273.906       11273.469;
   175    1.549       10666.656       11267.563       11271.156       11270.906;
   176    1.558       10666.656       11265.031       11268.656       11268.344;
   177    1.567       10666.656       11262.500       11266.281       11265.906;
   178    1.576       10666.656       11260.219       11263.938       11263.688;
   179    1.585       10666.656       11257.875       11261.594       11261.344;
   180    1.594       10666.656       11255.625       11259.344       11259.094;
   181    1.603       10666.656       11253.406       11257.344       11257.031;
   182    1.611       10666.656       11251.250       11255.094       11255.000;
   183    1.620       10666.656       11249.219       11253.094       11252.938;
   184    1.629       10666.656       11247.219       11251.063       11250.938;
   185    1.638       10666.656       11245.250       11249.344       11249.125;
   186    1.647       10666.656       11243.375       11247.344       11247.344;
   187    1.656       10666.656       11241.625       11245.625       11245.531;
   188    1.665       10666.656       11239.938       11243.906       11243.906;
   189    1.673       10666.656       11238.156       11242.344       11242.250;
   190    1.682       10666.656       11236.719       11240.844       11240.750;
   191    1.691       10666.656       11235.188       11239.250       11239.313;
   192    1.700       10666.656       11233.844       11237.906       11237.844;
   193    1.709       10666.656       11232.500       11236.531       11236.500;
   194    1.718       10666.656       11231.250       11235.281       11235.281;
   195    1.727       10666.656       11230.031       11234.188       11234.125;
   196    1.735       10666.656       11229.000       11233.188       11233.063;
   197    1.744       10666.656       11228.000       11232.094       11232.063;
   198    1.753       10666.656       11227.031       11231.031       11231.125;
   199    1.762       10666.656       11226.094       11230.156       11230.156;
   200    1.771       10666.656       11225.344       11229.375       11229.344;
   201    1.780       10666.656       11224.656       11228.625       11228.500;
   202    1.789       10666.656       11224.031       11227.969       11227.906;
   203    1.797       10666.656       11223.344       11227.281       11227.250;
   204    1.806       10666.656       11222.813       11226.844       11226.563;
   205    1.815       10666.656       11222.188       11226.281       11226.156;
   206    1.824       10666.656       11221.969       11226.000       11225.594;
   207    1.833       10666.656       11221.531       11225.531       11225.344;
   208    1.842       10666.656       11221.063       11225.094       11224.906;
   209    1.851       10666.656       11221.031       11224.969       11224.500;
   210    1.859       10666.656       11220.813       11224.594       11224.469;
   211    1.868       10666.656       11220.531       11224.250       11224.156;
   212    1.877       10666.656       11220.219       11224.031       11223.844;
   213    1.886       10666.656       11220.031       11224.031       11223.563;
   214    1.895       10666.656       11220.031       11224.031       11223.500;
   215    1.904       10666.656       11220.031       11223.938       11223.500;
   216    1.913       10666.656       11220.031       11223.750       11223.500;
   217    1.921       10666.656       11220.031       11223.563       11223.500;
   218    1.930       10666.656       11220.031       11223.406       11223.500;
   219    1.939       10666.656       11220.031       11223.219       11223.406;
   220    1.948       10666.656       11220.031       11223.031       11223.281;
   221    1.957       10666.656       11220.031       11223.031       11223.156;
   222    1.966       10666.656       11220.031       11223.031       11223.031;
   223    1.974       10666.656       11220.031       11223.031       11222.906;
   224    1.983       10666.656       11220.031       11223.031       11222.781;
   225    1.992       10666.656       11220.031       11223.031       11222.656;
   226    2.001       10666.656       11220.031       11223.031       11222.563;
   227    2.010       10666.656       11220.031       11223.031       11222.500;
   228    2.019       10666.656       11220.031       11223.031       11222.500;
   229    2.028       10666.656       11220.031       11223.031       11222.500;
   230    2.036       10666.656       11220.031       11223.031       11222.500;
   231    2.045       10666.656       11220.031       11223.031       11222.500;
   232    2.054       10666.656       11220.031       11223.031       11222.500;
   233    2.063       10666.656       11220.031       11223.031       11222.500;
   234    2.072       10666.656       11220.000       11223.031       11222.500;
   235    2.081       10666.656       11219.969       11223.031       11222.500;
   236    2.090       10666.656       11219.906       11223.031       11222.500;
   237    2.098       10666.656       11219.875       11223.031       11222.500;
   238    2.107       10666.656       11219.844       11223.031       11222.500;
   239    2.116       10666.656       11219.781       11223.000       11222.500;
   240    2.125       10666.656       11219.750       11222.938       11222.469;
   241    2.134       10666.656       11219.719       11222.906       11222.406;
   242    2.143       10666.656       11219.656       11222.875       11222.375;
   243    2.152       10666.656       11219.625       11222.813       11222.313;
   244    2.160       10666.656       11219.594       11222.781       11222.281;
   245    2.169       10666.656       11219.531       11222.750       11222.219;
   246    2.178       10666.656       11219.500       11222.688       11222.188;
   247    2.187       10666.656       11219.469       11222.656       11222.125;
   248    2.196       10666.656       11218.969       11222.625       11222.094;
   249    2.205       10666.656       11218.906       11222.563       11222.031;
   250    2.214       10666.656       11218.844       11222.531       11222.000;
   251    2.222       10666.656       11218.750       11222.500       11221.938;
   252    2.231       10666.656       11218.688       11222.438       11221.906;
   253    2.240       10666.656       11218.625       11222.406       11221.844;
   254    2.249       10666.656       11218.531       11222.375       11221.813;
   255    2.258       10666.656       11218.469       11221.969       11221.750;
   256    2.267       10666.656       11218.406       11221.906       11221.469;
   257    2.276       10666.656       11218.313       11221.844       11221.406;
   258    2.284       10666.656       11218.250       11221.781       11221.344;
   259    2.293       10666.656       11218.188       11221.719       11221.281;
   260    2.302       10666.656       11218.125       11221.656       11221.219;
   261    2.311       10666.656       11218.031       11221.594       11221.156;
   262    2.320       10666.656       11218.031       11221.531       11221.094;
   263    2.329       10666.656       11218.031       11221.469       11221.031;
   264    2.338       10666.656       11218.031       11221.406       11220.969;
   265    2.346       10666.656       11218.031       11221.344       11220.906;
   266    2.355       10666.656       11218.031       11221.281       11220.844;
   267    2.364       10666.656       11218.031       11221.219       11220.781;
   268    2.373       10666.656       11218.031       11221.156       11220.719;
   269    2.382       10666.656       11218.031       11221.094       11220.656;
   270    2.391       10666.656       11218.031       11221.031       11220.594;
   271    2.399       10666.656       11217.969       11221.031       11220.531;
   272    2.408       10666.656       11217.938       11221.031       11220.500;
   273    2.417       10666.656       11217.906       11221.031       11220.500;
   274    2.426       10666.656       11217.844       11220.969       11220.500;
   275    2.435       10666.656       11217.813       11220.906       11220.438;
   276    2.444       10666.656       11217.750       11220.875       11220.406;
   277    2.453       10666.656       11217.719       11220.813       11220.344;
   278    2.461       10666.656       11217.656       11220.750       11220.281;
   279    2.470       10666.656       11217.625       11220.688       11220.250;
   280    2.479       10666.656       11217.594       11220.656       11220.188;
   281    2.488       10666.656       11217.531       11220.594       11220.125;
   282    2.497       10666.656       11217.500       11220.531       11220.063;
   283    2.506       10666.656       11217.438       11220.500       11220.031;
   284    2.515       10666.656       11216.938       11220.438       11219.969;
   285    2.523       10666.656       11216.875       11220.375       11219.906;
   286    2.532       10666.656       11216.781       11220.313       11219.875;
   287    2.541       10666.656       11216.719       11220.281       11219.813;
   288    2.550       10666.656       11216.625       11220.219       11219.750;
   289    2.559       10666.656       11216.563       11220.156       11219.688;
   290    2.568       10666.656       11216.469       11220.125       11219.656;
   291    2.577       10666.656       11216.406       11220.063       11219.594;
   292    2.585       10666.656       11216.313       11220.031       11219.531;
   293    2.594       10666.656       11216.250       11220.031       11219.500;
   294    2.603       10666.656       11216.156       11220.031       11219.500;
   295    2.612       10666.656       11216.094       11220.031       11219.500;
   296    2.621       10666.656       11216.031       11220.031       11219.500;
   297    2.630       10666.656       11216.031       11220.031       11219.500;
   298    2.639       10666.656       11216.031       11220.031       11219.500;
   299    2.647       10666.656       11216.031       11220.000       11219.438;
   300    2.656       10666.656       11216.031       11219.969       11219.406;
   301    2.665       10666.656       11216.031       11219.938       11219.375;
   302    2.674       10666.656       11216.031       11219.875       11219.313;
   303    2.683       10666.656       11216.031       11219.844       11219.281;
   304    2.692       10666.656       11216.031       11219.813       11219.250;
   305    2.701       10666.656       11216.031       11219.781       11219.188;
   306    2.709       10666.656       11216.031       11219.719       11219.156;
   307    2.718       10666.656       11216.031       11219.688       11219.125;
   308    2.727       10666.656       11216.031       11219.656       11219.063;
   309    2.736       10666.656       11216.031       11219.625       11219.031;
   310    2.745       10666.656       11216.031       11219.563       11219.000;
   311    2.754       10666.656       11216.031       11219.531       11218.938;
   312    2.763       10666.656       11216.031       11219.500       11218.906;
   313    2.771       10666.656       11216.031       11219.469       11218.875;
   314    2.780       10666.656       11216.031       11219.406       11218.813;
   315    2.789       10666.656       11216.031       11219.375       11218.781;
   316    2.798       10666.656       11216.031       11219.344       11218.750;
   317    2.807       10666.656       11216.031       11219.313       11218.688;
   318    2.816       10666.656       11216.031       11219.250       11218.656;
   319    2.824       10666.656       11216.031       11219.219       11218.594;
   320    2.833       10666.656       11216.031       11219.188       11218.563;
   321    2.842       10666.656       11216.031       11219.156       11218.531;
   322    2.851       10666.656       11216.031       11219.094       11218.500;
   323    2.860       10666.656       11216.031       11219.063       11218.500;
   324    2.869       10666.656       11216.031       11219.031       11218.500;
   325    2.878       10666.656       11216.031       11219.031       11218.500;
   326    2.886       10666.656       11216.031       11219.031       11218.500;
   327    2.895       10666.656       11216.031       11219.031       11218.500;
   328    2.904       10666.656       11216.031       11219.031       11218.500;
   329    2.913       10666.656       11216.031       11219.031       11218.500;
   330    2.922       10666.656       11216.031       11219.031       11218.500;
   331    2.931       10666.656       11216.031       11219.031       11218.500;
   332    2.940       10666.656       11216.031       11219.031       11218.500;
   333    2.948       10666.656       11216.031       11219.031       11218.500;
   334    2.957       10666.656       11216.031       11219.031       11218.500;
   335    2.966       10666.656       11216.031       11219.031       11218.500;
   336    2.975       10666.656       11216.031       11219.031       11218.500;
   337    2.984       10666.656       11216.031       11219.031       11218.500;
   338    2.993       10666.656       11216.031       11219.031       11218.500;
   339    3.002       10666.656       11216.031       11219.031       11218.500;
   340    3.010       10666.656       11216.031       11219.031       11218.500;
   341    3.019       10666.656       11216.031       11219.031       11218.500;
   342    3.028       10666.656       11216.031       11219.031       11218.500;
   343    3.037       10666.656       11216.031       11219.031       11218.500;
   344    3.046       10666.656       11216.031       11219.031       11218.500;
   345    3.055       10666.656       11216.031       11219.031       11218.500;
   346    3.064       10666.656       11216.031       11219.031       11218.500;
   347    3.072       10666.656       11216.031       11219.031       11218.500;
   348    3.081       10666.656       11216.031       11219.031       11218.500;
   349    3.090       10666.656       11216.031       11219.031       11218.500;
   350    3.099       10666.656       11216.031       11219.031       11218.500;
   351    3.108       10666.656       11216.031       11219.031       11218.500;
   352    3.117       10666.656       11216.031       11219.031       11218.500;
   353    3.126       10666.656       11216.031       11219.031       11218.500;
   354    3.134       10666.656       11216.031       11219.031       11218.500;
   355    3.143       10666.656       11216.031       11219.031       11218.500;
   356    3.152       10666.656       11216.031       11219.031       11218.500;
   357    3.161       10666.656       11216.031       11219.031       11218.500;
   358    3.170       10666.656       11216.031       11219.031       11218.469;
   359    3.179       10666.656       11216.000       11219.031       11218.469;
   360    3.188       10666.656       11216.000       11219.031       11218.438;
   361    3.196       10666.656       11216.000       11219.031       11218.406;
   362    3.205       10666.656       11215.969       11219.031       11218.406;
   363    3.214       10666.656       11215.969       11219.031       11218.375;
   364    3.223       10666.656       11215.938       11219.000       11218.375;
   365    3.232       10666.656       11215.938       11219.000       11218.344;
   366    3.241       10666.656       11215.938       11218.969       11218.344;
   367    3.249       10666.656       11215.906       11218.969       11218.313;
   368    3.258       10666.656       11215.906       11218.938       11218.313;
   369    3.267       10666.656       11215.875       11218.938       11218.281;
   370    3.276       10666.656       11215.875       11218.906       11218.281;
   371    3.285       10666.656       11215.844       11218.906       11218.250;
   372    3.294       10666.656       11215.844       11218.875       11218.250;
   373    3.303       10666.656       11215.844       11218.875       11218.219;
   374    3.311       10666.656       11215.813       11218.844       11218.188;
   375    3.320       10666.656       11215.813       11218.844       11218.188;
   376    3.329       10666.656       11215.781       11218.813       11218.156;
   377    3.338       10666.656       11215.781       11218.813       11218.156;
   378    3.347       10666.656       11215.750       11218.781       11218.125;
   379    3.356       10666.656       11215.750       11218.781       11218.125;
   380    3.365       10666.656       11215.750       11218.750       11218.094;
   381    3.373       10666.656       11215.719       11218.750       11218.094;
   382    3.382       10666.656       11215.719       11218.719       11218.063;
   383    3.391       10666.656       11215.688       11218.719       11218.063;
   384    3.400       10666.656       11215.688       11218.688       11218.031;
   385    3.409       10666.656       11215.688       11218.688       11218.031;
   386    3.418       10666.656       11215.656       11218.656       11218.000;
   387    3.427       10666.656       11215.656       11218.656       11217.969;
   388    3.435       10666.656       11215.625       11218.625       11217.969;
   389    3.444       10666.656       11215.625       11218.625       11217.938;
   390    3.453       10666.656       11215.594       11218.594       11217.938;
   391    3.462       10666.656       11215.594       11218.594       11217.906;
   392    3.471       10666.656       11215.594       11218.563       11217.906;
   393    3.480       10666.656       11215.563       11218.563       11217.875;
   394    3.489       10666.656       11215.563       11218.531       11217.875;
   395    3.497       10666.656       11215.531       11218.531       11217.844;
   396    3.506       10666.656       11215.531       11218.500       11217.844;
   397    3.515       10666.656       11215.500       11218.500       11217.813;
   398    3.524       10666.656       11215.500       11218.469       11217.781;
   399    3.533       10666.656       11215.500       11218.469       11217.781;
   400    3.542       10666.656       11215.469       11218.438       11217.750;
   401    3.551       10666.656       11215.469       11218.438       11217.750;
   402    3.559       10666.656       11215.438       11218.406       11217.719;
   403    3.568       10666.656       11215.438       11218.406       11217.719;
   404    3.577       10666.656       11215.438       11218.375       11217.688;
   405    3.586       10666.656       11215.406       11218.375       11217.688;
   406    3.595       10666.656       11215.406       11218.344       11217.656;
   407    3.604       10666.656       11215.375       11218.344       11217.656;
   408    3.613       10666.656       11215.375       11218.313       11217.625;
   409    3.621       10666.656       11215.344       11218.313       11217.625;
   410    3.630       10666.656       11215.344       11218.281       11217.594;
   411    3.639       10666.656       11215.344       11218.281       11217.563;
   412    3.648       10666.656       11215.313       11218.250       11217.563;
   413    3.657       10666.656       11215.313       11218.250       11217.531;
   414    3.666       10666.656       11215.281       11218.219       11217.531;
   415    3.674       10666.656       11215.281       11218.219       11217.500;
   416    3.683       10666.656       11215.250       11218.188       11217.500;
   417    3.692       10666.656       11215.000       11218.188       11217.500;
   418    3.701       10666.656       11215.000       11218.156       11217.469;
   419    3.710       10666.656       11214.969       11218.156       11217.469;
   420    3.719       10666.656       11214.938       11218.125       11217.438;
   421    3.728       10666.656       11214.938       11218.125       11217.438;
   422    3.736       10666.656       11214.906       11218.094       11217.406;
   423    3.745       10666.656       11214.906       11218.094       11217.406;
   424    3.754       10666.656       11214.875       11218.063       11217.375;
   425    3.763       10666.656       11214.875       11218.063       11217.375;
   426    3.772       10666.656       11214.844       11218.031       11217.344;
   427    3.781       10666.656       11214.844       11218.031       11217.344;
   428    3.790       10666.656       11214.813       11218.031       11217.313;
   429    3.798       10666.656       11214.781       11218.000       11217.313;
   430    3.807       10666.656       11214.781       11218.000       11217.281;
   431    3.816       10666.656       11214.750       11217.969       11217.281;
   432    3.825       10666.656       11214.750       11217.969       11217.250;
   433    3.834       10666.656       11214.719       11217.938       11217.250;
   434    3.843       10666.656       11214.719       11217.938       11217.219;
   435    3.852       10666.656       11214.688       11217.906       11217.219;
   436    3.860       10666.656       11214.656       11217.906       11217.188;
   437    3.869       10666.656       11214.656       11217.875       11217.156;
   438    3.878       10666.656       11214.625       11217.875       11217.156;
   439    3.887       10666.656       11214.625       11217.844       11217.125;
   440    3.896       10666.656       11214.594       11217.844       11217.125;
   441    3.905       10666.656       11214.594       11217.813       11217.094;
   442    3.914       10666.656       11214.563       11217.813       11217.094;
   443    3.922       10666.656       11214.563       11217.781       11217.063;
   444    3.931       10666.656       11214.531       11217.781       11217.063;
   445    3.940       10666.656       11214.500       11217.750       11217.031;
   446    3.949       10666.656       11214.500       11217.750       11217.031;
   447    3.958       10666.656       11214.469       11217.719       11217.000;
   448    3.967       10666.656       11214.469       11217.719       11217.000;
   449    3.976       10666.656       11214.438       11217.688       11216.969;
   450    3.984       10666.656       11214.438       11217.688       11216.969;
   451    3.993       10666.656       11214.406       11217.656       11216.938;
   452    4.002           0.000       11214.406       11217.656       11216.938;
   453    4.011           0.000       11207.031       11214.813       11216.469;
   454    4.020           0.000       11184.344       11193.813       11196.188;
   455    4.029           0.000       11143.469       11153.469       11156.375;
   456    4.038           0.000       11086.156       11095.969       11099.813;
   457    4.046           0.000       11014.750       11024.688       11028.969;
   458    4.055           0.000       10930.125       10940.219       10944.594;
   459    4.064           0.000       10831.563       10839.656       10842.438;
   460    4.073           0.000       10718.375       10729.469       10734.094;
   461    4.082           0.000       10593.281       10604.719       10609.719;
   462    4.091           0.000       10458.625       10467.594       10471.281;
   463    4.099           0.000       10312.938       10324.563       10329.813;
   464    4.108           0.000       10157.844       10169.719       10175.000;
   465    4.117           0.000        9994.031       10001.938       10005.219;
   466    4.126           0.000        9822.156        9833.625        9839.438;
   467    4.135           0.000        9642.906        9646.656        9648.438;
   468    4.144           0.000        9455.625        9465.781        9470.156;
   469    4.153           0.000        9261.875        9270.563        9273.406;
   470    4.161           0.000        9061.969        9067.906        9068.281;
   471    4.170           0.000        8857.500        8869.281        8873.188;
   472    4.179           0.000        8647.625        8650.250        8648.188;
   473    4.188           0.000        8432.844        8443.656        8446.625;
   474    4.197           0.000        8214.125        8218.719        8218.563;
   475    4.206           0.000        7991.688        8004.406        8010.156;
   476    4.215           0.000        7766.531        7773.844        7776.781;
   477    4.223           0.000        7538.719        7546.688        7550.438;
   478    4.232           0.000        7310.031        7318.188        7321.781;
   479    4.241           0.000        7079.188        7083.938        7085.813;
   480    4.250           0.000        6847.750        6856.531        6858.938;
   481    4.259           0.000        6615.719        6619.094        6619.281;
   482    4.268           0.000        6382.906        6388.250        6390.000;
   483    4.277           0.000        6150.031        6156.156        6159.188;
   484    4.285           0.000        5917.625        5922.313        5924.125;
   485    4.294           0.000        5685.969        5692.031        5693.531;
   486    4.303           0.000        5455.344        5459.031        5460.375;
   487    4.312           0.000        5226.281        5232.125        5233.188;
   488    4.321           0.000        4998.031        5002.844        5003.969;
   489    4.330           0.000        4771.844        4777.906        4779.906;
   490    4.339           0.000        4548.688        4555.875        4558.594;
   491    4.347           0.000        4327.938        4331.313        4331.000;
   492    4.356           0.000        4109.375        4117.781        4119.719;
   493    4.365           0.000        3893.875        3898.500        3898.594;
   494    4.374           0.000        3681.469        3690.750        3693.969;
   495    4.383           0.000        3472.688        3476.313        3476.719;
   496    4.392           0.000        3267.063        3276.344        3280.344;
   497    4.401           0.000        3065.281        3066.250        3066.500;
   498    4.409           0.000        2866.250        2876.781        2883.094;
   499    4.418           0.000        2671.563        2674.281        2675.469;
   500    4.427           0.000        2480.500        2492.188        2497.938;
   501    4.436           0.000        2294.219        2295.563        2295.656;
   502    4.445           0.000        2112.781        2124.594        2130.563;
   503    4.454           0.000        1936.063        1937.781        1937.563;
   504    4.463           0.000        1764.500        1777.094        1783.875;
   505    4.471           0.000        1597.219        1600.594        1601.375;
   506    4.480           0.000        1435.594        1445.594        1451.844;
   507    4.489           0.000        1278.469        1287.000        1291.750;
   508    4.498           0.000        1126.719        1131.188        1133.625;
   509    4.507           0.000         979.781         993.406        1001.125;
   510    4.516           0.000         837.719         842.281         843.781;
   511    4.524           0.000         700.438         712.406         718.938;
   512    4.533           0.000         568.531         577.344         582.625;
   513    4.542           0.000         441.938         450.594         454.938;
   514    4.551           0.000         319.594         328.531         333.438;
   515    4.560           0.000         202.094         213.156         218.906;
   516    4.569           0.000          89.906         100.000         104.500;
   517    4.578           0.000         -17.438          -8.375          -4.938;
   518    4.586           0.000        -120.125        -108.313        -102.625;
   519    4.595           0.000        -217.500        -205.656        -199.844;
   520    4.604           0.000        -309.313        -298.281        -293.219;
   521    4.613           0.000        -396.063        -385.469        -381.031;
   522    4.622           0.000        -477.531        -467.094        -462.250;
   523    4.631           0.000        -554.063        -541.531        -535.156;
   524    4.640           0.000        -625.594        -613.313        -606.594;
   525    4.648           0.000        -691.750        -680.219        -673.781;
   526    4.657           0.000        -752.531        -740.969        -734.813;
   527    4.666           0.000        -807.781        -796.344        -790.125;
   528    4.675           0.000        -857.781        -845.438        -838.250;
   529    4.684           0.000        -902.781        -890.375        -882.688;
   530    4.693           0.000        -943.281        -930.563        -922.750;
   531    4.702           0.000        -979.406        -966.594        -958.719;
   532    4.710           0.000       -1011.156        -998.813        -991.125;
   533    4.719           0.000       -1038.469       -1027.000       -1019.406;
   534    4.728           0.000       -1061.563       -1050.281       -1043.000;
   535    4.737           0.000       -1080.375       -1069.688       -1062.781;
   536    4.746           0.000       -1095.219       -1084.625       -1077.719;
   537    4.755           0.000       -1106.125       -1095.969       -1089.219;
   538    4.764           0.000       -1113.344       -1103.406       -1096.906;
   539    4.772           0.000       -1116.969       -1107.344       -1101.219;
   540    4.781           0.000       -1117.969       -1108.938       -1102.500;
   541    4.790           0.000       -1116.469       -1108.969       -1102.500;
   542    4.799           0.000       -1110.375       -1103.500       -1099.063;
   543    4.808           0.000       -1102.094       -1096.375       -1092.656;
   544    4.817           0.000       -1091.563       -1086.813       -1083.500;
   545    4.826           0.000       -1079.094       -1075.281       -1072.500;
   546    4.834           0.000       -1064.875       -1061.844       -1059.656;
   547    4.843           0.000       -1049.031       -1046.625       -1044.781;
   548    4.852           0.000       -1031.813       -1029.844       -1028.375;
   549    4.861           0.000       -1013.156       -1011.594       -1010.313;
   550    4.870           0.000        -993.188        -991.969        -991.375;
   551    4.879           0.000        -972.063        -971.250        -970.750;
   552    4.888           0.000        -949.938        -949.688        -949.656;
   553    4.896           0.000        -926.938        -926.844        -927.219;
   554    4.905           0.000        -903.219        -903.969        -904.969;
   555    4.914           0.000        -878.844        -880.031        -881.438;
   556    4.923           0.000        -853.875        -855.531        -857.250;
   557    4.932           0.000        -828.469        -830.563        -832.656;
   558    4.941           0.000        -802.750        -804.906        -807.188;
   559    4.949           0.000        -776.563        -778.969        -781.375;
   560    4.958           0.000        -750.063        -752.406        -755.094;
   561    4.967           0.000        -723.188        -725.813        -728.250;
   562    4.976           0.000        -695.938        -698.625        -700.906;
   563    4.985           0.000        -668.500        -671.281        -673.938;
   564    4.994           0.000        -641.000        -643.594        -646.063;
   565    5.003           0.000        -613.531        -616.344        -619.156;
   566    5.011           0.000        -586.313        -589.375        -592.313;
   567    5.020           0.000        -559.219        -562.406        -565.625;
   568    5.029           0.000        -532.438        -535.500        -539.219;
   569    5.038           0.000        -506.063        -509.625        -513.469;
   570    5.047           0.000        -480.031        -484.125        -488.438;
   571    5.056           0.000        -454.563        -459.063        -463.844;
   572    5.065           0.000        -429.719        -434.188        -439.063;
   573    5.073           0.000        -405.563        -409.750        -414.750;
   574    5.082           0.000        -382.031        -386.531        -391.594;
   575    5.091           0.000        -359.156        -363.375        -368.094;
   576    5.100           0.000        -336.938        -341.781        -346.688;
   577    5.109           0.000        -315.438        -319.781        -324.531;
   578    5.118           0.000        -294.688        -299.344        -304.125;
   579    5.127           0.000        -274.750        -279.125        -283.875;
   580    5.135           0.000        -255.500        -260.188        -264.875;
   581    5.144           0.000        -237.125        -241.594        -246.438;
   582    5.153           0.000        -219.594        -224.219        -229.219;
   583    5.162           0.000        -202.938        -207.594        -212.531;
   584    5.171           0.000        -187.063        -191.750        -196.625;
   585    5.180           0.000        -172.000        -176.906        -182.063;
   586    5.189           0.000        -157.719        -162.531        -167.531;
   587    5.197           0.000        -144.281        -149.281        -154.375;
   588    5.206           0.000        -131.563        -136.375        -141.813;
   589    5.215           0.000        -119.500        -124.500        -129.750;
   590    5.224           0.000        -108.188        -113.281        -118.906;
   591    5.233           0.000         -97.781        -102.906        -108.469;
   592    5.242           0.000         -88.063         -93.188         -98.719;
   593    5.251           0.000         -79.063         -84.281         -89.844;
   594    5.259           0.000         -70.844         -76.000         -81.531;
   595    5.268           0.000         -63.344         -68.625         -74.250;
   596    5.277           0.000         -56.688         -61.844         -67.531;
   597    5.286           0.000         -50.781         -55.750         -61.500;
   598    5.295           0.000         -45.531         -50.656         -56.344;
   599    5.304           0.000         -41.063         -46.188         -51.875;
   600    5.313           0.000         -37.406         -42.438         -48.125;
   601    5.321           0.000         -34.531         -39.313         -44.969;
   602    5.330           0.000         -32.219         -37.063         -42.594;
   603    5.339           0.000         -30.719         -35.344         -40.719;
   604    5.348           0.000         -29.781         -34.250         -39.656;
   605    5.357           0.000         -29.000         -34.000         -39.313;
   606    5.366           0.000         -29.000         -34.000         -38.563;
   607    5.374           0.000         -29.000         -34.000         -38.531;
   608    5.383           0.000         -30.469         -34.000         -38.531;
   609    5.392           0.000         -32.219         -35.469         -38.531;
   610    5.401           0.000         -34.406         -36.594         -40.688;
   611    5.410           0.000         -36.813         -38.375         -42.375;
   612    5.419           0.000         -39.344         -40.563         -44.063;
   613    5.428           0.000         -41.969         -42.719         -46.156;
   614    5.436           0.000         -44.469         -44.906         -47.906;
   615    5.445           0.000         -46.938         -46.875         -50.031;
   616    5.454           0.000         -49.313         -49.125         -51.813;
   617    5.463           0.000         -51.375         -51.031         -53.719;
   618    5.472           0.000         -53.375         -52.844         -55.281;
   619    5.481           0.000         -55.094         -54.250         -56.688;
   620    5.490           0.000         -56.594         -55.688         -58.125;
   621    5.498           0.000         -57.969         -56.969         -59.188;
   622    5.507           0.000         -58.906         -57.969         -59.969;
   623    5.516           0.000         -59.563         -58.563         -60.688;
   624    5.525           0.000         -59.969         -58.969         -61.438;
   625    5.534           0.000         -60.344         -59.281         -61.500;
   626    5.543           0.000         -60.844         -59.750         -61.500;
   627    5.552           0.000         -60.969         -59.969         -61.500;
   628    5.560           0.000         -60.969         -59.969         -61.500;
   629    5.569           0.000         -60.969         -59.969         -61.500;
   630    5.578           0.000         -59.469         -59.969         -61.500;
   631    5.587           0.000         -59.469         -59.969         -61.500;
   632    5.596           0.000         -58.313         -58.469         -61.500;
   633    5.605           0.000         -57.313         -57.844         -61.500;
   634    5.614           0.000         -56.469         -57.156         -60.000;
   635    5.622           0.000         -55.688         -56.469         -60.000;
   636    5.631           0.000         -55.000         -55.969         -59.281;
   637    5.640           0.000         -54.313         -55.406         -58.781;
   638    5.649           0.000         -53.969         -55.000         -58.531;
   639    5.658           0.000         -53.438         -54.969         -58.125;
   640    5.667           0.000         -53.000         -54.625         -57.719;
   641    5.676           0.000         -53.000         -54.281         -57.531;
   642    5.684           0.000         -53.000         -54.000         -57.531;
   643    5.693           0.000         -53.000         -54.000         -57.531;
   644    5.702           0.000         -53.000         -54.000         -57.531;
   645    5.711           0.000         -53.000         -54.000         -57.531;
   646    5.720           0.000         -53.000         -54.000         -57.531;
   647    5.729           0.000         -53.000         -54.000         -57.531;
   648    5.738           0.000         -54.469         -54.000         -57.531;
   649    5.746           0.000         -54.469         -54.000         -57.531;
   650    5.755           0.000         -55.000         -55.469         -57.531;
   651    5.764           0.000         -55.469         -55.469         -57.531;
   652    5.773           0.000         -55.938         -55.469         -57.531;
   653    5.782           0.000         -55.969         -55.469         -57.531;
   654    5.791           0.000         -56.063         -55.469         -59.000;
   655    5.799           0.000         -56.313         -55.469         -59.000;
   656    5.808           0.000         -56.563         -55.469         -59.000;
   657    5.817           0.000         -56.844         -55.469         -59.000;
   658    5.826           0.000         -56.969         -55.469         -59.000;
   659    5.835           0.000         -56.969         -55.469         -59.000;
   660    5.844           0.000         -56.969         -55.469         -59.000;
   661    5.853           0.000         -56.969         -55.469         -59.000;
   662    5.861           0.000         -56.969         -55.469         -59.000;
   663    5.870           0.000         -56.969         -55.469         -59.000;
   664    5.879           0.000         -55.469         -55.469         -59.000;
   665    5.888           0.000         -55.469         -55.469         -59.000;
   666    5.897           0.000         -55.469         -55.469         -59.000;
   667    5.906           0.000         -55.469         -55.469         -59.000;
   668    5.915           0.000         -55.469         -55.469         -59.000;
   669    5.923           0.000         -55.469         -55.469         -59.000;
   670    5.932           0.000         -55.469         -55.469         -59.000;
   671    5.941           0.000         -55.469         -55.469         -59.000;
   672    5.950           0.000         -55.469         -55.469         -59.000;
   673    5.959           0.000         -55.469         -55.469         -59.000;
   674    5.968           0.000         -55.469         -55.469         -59.000;
   675    5.977           0.000         -55.469         -55.469         -59.000;
   676    5.985           0.000         -55.469         -55.469         -59.000;
   677    5.994           0.000         -55.469         -55.469         -59.000;
   678    6.003           0.000         -55.469         -55.469         -59.000;
   679    6.012           0.000         -55.469         -55.469         -59.000;
   680    6.021           0.000         -55.469         -55.469         -59.000;
   681    6.030           0.000         -55.469         -55.469         -59.000;
   682    6.039           0.000         -55.469         -55.469         -59.000;
   683    6.047           0.000         -55.469         -55.469         -59.000;
   684    6.056           0.000         -55.469         -55.469         -59.000;
   685    6.065           0.000         -55.469         -55.469         -59.000;
   686    6.074           0.000         -55.469         -55.469         -59.000;
   687    6.083           0.000         -55.469         -55.469         -59.000;
   688    6.092           0.000         -55.469         -55.469         -59.000;
   689    6.101           0.000         -55.469         -55.469         -59.000;
   690    6.109           0.000         -55.469         -55.469         -59.000;
   691    6.118           0.000         -55.469         -55.469         -59.000;
   692    6.127           0.000         -55.469         -55.469         -59.000;
   693    6.136           0.000         -55.469         -55.469         -59.000;
   694    6.145           0.000         -55.469         -55.469         -59.000;
   695    6.154           0.000         -55.469         -55.469         -59.000;
   696    6.163           0.000         -55.469         -55.469         -59.000;
   697    6.171           0.000         -55.469         -55.469         -59.000;
   698    6.180           0.000         -55.469         -55.469         -59.000;
   699    6.189           0.000         -55.469         -55.469         -59.000;
   700    6.198           0.000         -55.469         -55.469         -59.000;
   701    6.207           0.000         -55.469         -55.469         -59.000;
   702    6.216           0.000         -55.469         -55.469         -59.000;
   703    6.224           0.000         -55.469         -55.469         -59.000;
   704    6.233           0.000         -55.469         -55.469         -59.000;
   705    6.242           0.000         -55.469         -55.469         -59.000;
   706    6.251           0.000         -55.469         -55.469         -59.000;
   707    6.260           0.000         -55.469         -55.469         -59.000;
   708    6.269           0.000         -55.469         -55.469         -59.000;
   709    6.278           0.000         -55.469         -55.469         -59.000;
   710    6.286           0.000         -55.469         -55.469         -59.000;
   711    6.295           0.000         -55.469         -55.469         -59.000;
   712    6.304           0.000         -55.469         -55.469         -59.000;
   713    6.313           0.000         -55.469         -55.469         -59.000;
   714    6.322           0.000         -55.469         -55.469         -59.000;
   715    6.331           0.000         -55.469         -55.469         -59.000;
   716    6.340           0.000         -55.469         -55.469         -59.000;
   717    6.348           0.000         -55.469         -55.469         -59.000;
   718    6.357           0.000         -55.469         -55.469         -59.000;
   719    6.366           0.000         -55.469         -55.469         -59.000;
   720    6.375           0.000         -55.469         -55.469         -59.000;
   721    6.384           0.000         -55.469         -55.469         -59.000;
   722    6.393           0.000         -55.469         -55.469         -59.000;
   723    6.402           0.000         -55.469         -55.469         -59.000;
   724    6.410           0.000         -55.469         -55.469         -59.000;
   725    6.419           0.000         -55.469         -55.469         -59.000;
   726    6.428           0.000         -55.469         -55.469         -59.000;
   727    6.437           0.000         -55.469         -55.469         -59.000;
   728    6.446           0.000         -55.469         -55.469         -59.000;
   729    6.455           0.000         -55.469         -55.469         -59.000;
   730    6.464           0.000         -55.469         -55.469         -59.000;
   731    6.472           0.000         -55.469         -55.469         -59.000;
   732    6.481           0.000         -55.469         -55.469         -59.000;
   733    6.490           0.000         -55.469         -55.469         -59.000;
   734    6.499           0.000         -55.469         -55.469         -59.000;
   735    6.508           0.000         -55.469         -55.469         -59.000;
   736    6.517           0.000         -55.469         -55.469         -59.000;
   737    6.526           0.000         -55.469         -55.469         -59.000;
   738    6.534           0.000         -55.469         -55.469         -59.000;
   739    6.543           0.000         -55.469         -55.469         -59.000;
   740    6.552           0.000         -55.469         -55.469         -59.000;
   741    6.561           0.000         -55.469         -55.469         -59.000;
   742    6.570           0.000         -55.469         -55.469         -59.000;
   743    6.579           0.000         -55.469         -55.469         -59.000;
   744    6.588           0.000         -55.469         -55.469         -59.000;
   745    6.596           0.000         -55.469         -55.469         -59.000;
   746    6.605           0.000         -55.469         -55.469         -59.000;
   747    6.614           0.000         -55.469         -55.469         -59.000;
   748    6.623           0.000         -55.469         -55.469         -59.000;
   749    6.632           0.000         -55.469         -55.469         -59.000;
   750    6.641           0.000         -55.469         -55.469         -59.000;
   751    6.649           0.000         -55.469         -55.469         -59.000;
   752    6.658           0.000         -55.469         -55.469         -59.000;
   753    6.667           0.000         -55.469         -55.469         -59.000;
   754    6.676           0.000         -55.469         -55.469         -59.000;
   755    6.685           0.000         -55.469         -55.469         -59.000;
   756    6.694           0.000         -55.469         -55.469         -59.000;
   757    6.703           0.000         -55.469         -55.469         -59.000;
   758    6.711           0.000         -55.469         -55.469         -59.000;
   759    6.720           0.000         -55.469         -55.469         -59.000;
   760    6.729           0.000         -55.469         -55.469         -59.000;
   761    6.738           0.000         -55.469         -55.469         -59.000;
   762    6.747           0.000         -55.469         -55.469         -59.000;
   763    6.756           0.000         -55.469         -55.469         -59.000;
   764    6.765           0.000         -55.469         -55.469         -59.000;
   765    6.773           0.000         -55.469         -55.469         -59.000;
   766    6.782           0.000         -55.469         -55.469         -59.000;
   767    6.791           0.000         -55.469         -55.469         -59.000;
   768    6.800           0.000         -55.469         -55.469         -59.000;
   769    6.809           0.000         -55.469         -55.469         -59.000;
   770    6.818           0.000         -55.469         -55.469         -59.000;
   771    6.827           0.000         -55.469         -55.469         -59.000;
   772    6.835           0.000         -55.469         -55.469         -59.000;
   773    6.844           0.000         -55.469         -55.469         -59.000;
   774    6.853           0.000         -55.469         -55.469         -59.000;
   775    6.862           0.000         -55.469         -55.469         -59.000;
   776    6.871           0.000         -55.469         -55.469         -59.000;
   777    6.880           0.000         -55.469         -55.469         -59.000;
   778    6.889           0.000         -55.469         -55.469         -59.000;
   779    6.897           0.000         -55.469         -55.469         -59.000;
   780    6.906           0.000         -55.469         -55.469         -59.000;
   781    6.915           0.000         -55.469         -55.469         -59.000;
   782    6.924           0.000         -55.469         -55.469         -59.000;
   783    6.933           0.000         -55.469         -55.469         -59.000;
   784    6.942           0.000         -55.469         -55.469         -59.000;
   785    6.951           0.000         -55.469         -55.469         -59.000;
   786    6.959           0.000         -55.469         -55.469         -59.000;
   787    6.968           0.000         -55.469         -55.469         -59.000;
   788    6.977           0.000         -55.469         -55.469         -59.000;
   789    6.986           0.000         -55.469         -55.469         -59.000;
   790    6.995           0.000         -55.469         -55.469         -59.000;
   791    7.004           0.000         -55.469         -55.469         -59.000;
   792    7.013           0.000         -55.469         -55.469         -59.000;
   793    7.021           0.000         -55.469         -55.469         -59.000;
   794    7.030           0.000         -55.469         -55.469         -59.000;
   795    7.039           0.000         -55.469         -55.469         -59.000;
   796    7.048           0.000         -55.469         -55.469         -59.000;
   797    7.057           0.000         -55.469         -55.469         -59.000;
   798    7.066           0.000         -55.469         -55.469         -59.000;
   799    7.074           0.000         -55.469         -55.469         -59.000;
   800    7.083           0.000         -55.469         -55.469         -59.000;
   801    7.092           0.000         -55.469         -55.469         -59.000;
   802    7.101           0.000         -55.469         -55.469         -59.000;
   803    7.110           0.000         -55.469         -55.469         -59.000;
   804    7.119           0.000         -55.469         -55.469         -59.000;
   805    7.128           0.000         -55.469         -55.469         -59.000;
   806    7.136           0.000         -55.469         -55.469         -59.000;
   807    7.145           0.000         -55.469         -55.469         -59.000;
   808    7.154           0.000         -55.469         -55.469         -59.000;
   809    7.163           0.000         -55.469         -55.469         -59.000;
   810    7.172           0.000         -55.469         -55.469         -59.000;
   811    7.181           0.000         -55.469         -55.469         -59.000;
   812    7.190           0.000         -55.469         -55.469         -59.000;
   813    7.198           0.000         -55.469         -55.469         -59.000;
   814    7.207           0.000         -55.469         -55.469         -59.000;
   815    7.216           0.000         -55.469         -55.469         -59.000;
   816    7.225           0.000         -55.469         -55.469         -59.000;
   817    7.234           0.000         -55.469         -55.469         -59.000;
   818    7.243           0.000         -55.469         -55.469         -59.000;
   819    7.252           0.000         -55.469         -55.469         -59.000;
   820    7.260           0.000         -55.469         -55.469         -59.000;
   821    7.269           0.000         -55.469         -55.469         -59.000;
   822    7.278           0.000         -55.469         -55.469         -59.000;
   823    7.287           0.000         -55.469         -55.469         -59.000;
   824    7.296           0.000         -55.469         -55.469         -59.000;
   825    7.305           0.000         -55.469         -55.469         -59.000;
   826    7.314           0.000         -55.469         -55.469         -59.000;
   827    7.322           0.000         -55.469         -55.469         -59.000;
   828    7.331           0.000         -55.469         -55.469         -59.000;
   829    7.340           0.000         -55.469         -55.469         -59.000;
   830    7.349           0.000         -55.469         -55.469         -59.000;
   831    7.358           0.000         -55.469         -55.469         -59.000;
   832    7.367           0.000         -55.469         -55.469         -59.000;
   833    7.376           0.000         -55.469         -55.469         -59.000;
   834    7.384           0.000         -55.469         -55.469         -59.000;
   835    7.393           0.000         -55.469         -55.469         -59.000;
   836    7.402           0.000         -55.469         -55.469         -59.000;
   837    7.411           0.000         -55.469         -55.469         -59.000;
   838    7.420           0.000         -55.469         -55.469         -59.000;
   839    7.429           0.000         -55.469         -55.469         -59.000;
   840    7.438           0.000         -55.469         -55.469         -59.000;
   841    7.446           0.000         -55.469         -55.469         -59.000;
   842    7.455           0.000         -55.469         -55.469         -59.000;
   843    7.464           0.000         -55.469         -55.469         -59.000;
   844    7.473           0.000         -55.469         -55.469         -59.000;
   845    7.482           0.000         -55.469         -55.469         -59.000;
   846    7.491           0.000         -55.469         -55.469         -59.000;
   847    7.499           0.000         -55.469         -55.469         -59.000;
   848    7.508           0.000         -55.469         -55.469         -59.000;
   849    7.517           0.000         -55.469         -55.469         -59.000;
   850    7.526           0.000         -55.469         -55.469         -59.000;
   851    7.535           0.000         -55.469         -55.469         -59.000;
   852    7.544           0.000         -55.469         -55.469         -59.000;
   853    7.553           0.000         -55.469         -55.469         -59.000;
   854    7.561           0.000         -55.469         -55.469         -59.000;
   855    7.570           0.000         -55.469         -55.469         -59.000;
   856    7.579           0.000         -55.469         -55.469         -59.000;
   857    7.588           0.000         -55.469         -55.469         -59.000;
   858    7.597           0.000         -55.469         -55.469         -59.000;
   859    7.606           0.000         -55.469         -55.469         -59.000;
   860    7.615           0.000         -55.469         -55.469         -59.000;
   861    7.623           0.000         -55.469         -55.469         -59.000;
   862    7.632           0.000         -55.469         -55.469         -59.000;
   863    7.641           0.000         -55.469         -55.469         -59.000;
   864    7.650           0.000         -55.469         -55.469         -59.000;
   865    7.659           0.000         -55.469         -55.469         -59.000;
   866    7.668           0.000         -55.469         -55.469         -59.000;
   867    7.677           0.000         -55.469         -55.469         -59.000;
   868    7.685           0.000         -55.469         -55.469         -59.000;
   869    7.694           0.000         -55.469         -55.469         -59.000;
   870    7.703           0.000         -55.469         -55.469         -59.000;
   871    7.712           0.000         -55.469         -55.469         -59.000;
   872    7.721           0.000         -55.469         -55.469         -59.000;
   873    7.730           0.000         -55.469         -55.469         -59.000;
   874    7.739           0.000         -55.469         -55.469         -59.000;
   875    7.747           0.000         -55.469         -55.469         -59.000;
   876    7.756           0.000         -55.469         -55.469         -59.000;
   877    7.765           0.000         -55.469         -55.469         -59.000;
   878    7.774           0.000         -55.469         -55.469         -59.000;
   879    7.783           0.000         -55.469         -55.469         -59.000;
   880    7.792           0.000         -55.469         -55.469         -59.000;
   881    7.801           0.000         -55.469         -55.469         -59.000;
   882    7.809           0.000         -55.469         -55.469         -59.000;
   883    7.818           0.000         -55.469         -55.469         -59.000;
   884    7.827           0.000         -55.469         -55.469         -59.000;
   885    7.836           0.000         -55.469         -55.469         -59.000;
   886    7.845           0.000         -55.469         -55.469         -59.000;
   887    7.854           0.000         -55.469         -55.469         -59.000;
   888    7.863           0.000         -55.469         -55.469         -59.000;
   889    7.871           0.000         -55.469         -55.469         -59.000;
   890    7.880           0.000         -55.469         -55.469         -59.000;
   891    7.889           0.000         -55.469         -55.469         -59.000;
   892    7.898           0.000         -55.469         -55.469         -59.000;
   893    7.907           0.000         -55.469         -55.469         -59.000;
   894    7.916           0.000         -55.469         -55.469         -59.000;
   895    7.924           0.000         -55.469         -55.469         -59.000;
   896    7.933           0.000         -55.469         -55.469         -59.000;
   897    7.942           0.000         -55.469         -55.469         -59.000;
   898    7.951           0.000         -55.469         -55.469         -59.000;
   899    7.960           0.000         -55.469         -55.469         -59.000;
   900    7.969           0.000         -55.469         -55.469         -59.000;
   901    7.978           0.000         -55.469         -55.469         -59.000;
   902    7.986           0.000         -55.469         -55.469         -59.000]
