 Sample   Time     Commanded Pos   Encoder 1 Pos   Encoder 2 Pos   Encoder 3 Pos 

[    0    0.000           0.000           0.000           0.000           0.000;
     1    0.009          26.313           0.000           0.000           0.000;
     2    0.018          61.750           1.844           0.000           1.000;
     3    0.027          97.156          10.219           6.656           5.844;
     4    0.035         132.563          21.906          17.031          15.250;
     5    0.044         168.000          36.906          31.281          28.563;
     6    0.053         203.406          55.219          48.594          45.281;
     7    0.062         238.813          75.688          68.375          64.719;
     8    0.071         274.250          97.813          90.563          86.781;
     9    0.080         309.656         121.313         114.750         111.406;
    10    0.089         345.063         146.156         139.156         135.781;
    11    0.097         380.500         171.938         165.125         162.188;
    12    0.106         415.906         198.625         191.438         187.938;
    13    0.115         451.313         225.875         218.375         215.094;
    14    0.124         486.750         253.531         245.750         242.469;
    15    0.133         522.156         281.438         273.750         270.594;
    16    0.142         557.563         309.563         301.781         298.688;
    17    0.151         593.000         337.594         329.688         326.625;
    18    0.159         628.406         365.750         357.563         354.406;
    19    0.168         663.813         393.813         385.219         381.688;
    20    0.177         699.250         421.688         413.000         409.438;
    21    0.186         734.656         449.406         440.469         436.250;
    22    0.195         770.063         477.063         468.094         464.000;
    23    0.204         805.500         504.813         495.625         491.063;
    24    0.213         840.906         532.719         523.500         519.156;
    25    0.221         876.313         560.875         551.656         547.188;
    26    0.230         911.750         589.094         579.688         575.656;
    27    0.239         947.156         617.375         607.969         604.125;
    28    0.248         982.563         645.656         635.969         632.719;
    29    0.257        1018.000         673.813         664.344         661.188;
    30    0.266        1053.406         701.969         692.250         689.344;
    31    0.274        1088.813         730.125         720.594         717.531;
    32    0.283        1124.250         758.469         748.625         745.406;
    33    0.292        1159.656         786.906         776.563         772.656;
    34    0.301        1195.063         815.250         804.719         800.625;
    35    0.310        1230.500         843.531         832.938         828.375;
    36    0.319        1265.906         871.531         860.531         855.781;
    37    0.328        1301.313         899.313         888.188         883.094;
    38    0.336        1336.750         926.719         915.688         910.688;
    39    0.345        1372.156         954.188         943.438         938.469;
    40    0.354        1407.563         981.750         970.875         966.031;
    41    0.363        1443.000        1009.625         998.406         993.563;
    42    0.372        1478.406        1037.906        1026.688        1022.094;
    43    0.381        1513.813        1066.469        1055.188        1050.531;
    44    0.390        1549.250        1095.156        1083.625        1079.250;
    45    0.398        1584.656        1123.969        1112.219        1107.719;
    46    0.407        1620.063        1152.656        1140.813        1136.688;
    47    0.416        1655.500        1181.250        1168.844        1163.813;
    48    0.425        1690.906        1209.906        1197.188        1191.938;
    49    0.434        1726.313        1238.469        1225.563        1219.813;
    50    0.443        1761.750        1267.031        1253.719        1247.531;
    51    0.452        1797.156        1295.656        1282.406        1276.094;
    52    0.460        1832.563        1324.313        1311.469        1305.031;
    53    0.469        1868.000        1353.031        1339.875        1333.531;
    54    0.478        1903.406        1381.781        1368.906        1362.500;
    55    0.487        1938.813        1410.594        1397.969        1391.719;
    56    0.496        1974.250        1439.406        1426.844        1420.813;
    57    0.505        2009.656        1468.125        1455.969        1450.031;
    58    0.514        2045.063        1496.938        1485.406        1479.531;
    59    0.522        2080.500        1526.156        1514.531        1508.125;
    60    0.531        2115.906        1555.594        1544.031        1537.375;
    61    0.540        2151.313        1585.438        1573.406        1566.125;
    62    0.549        2186.750        1615.500        1603.063        1595.125;
    63    0.558        2222.156        1645.750        1633.156        1625.094;
    64    0.567        2257.563        1675.906        1663.125        1654.188;
    65    0.576        2293.000        1706.000        1692.969        1683.750;
    66    0.584        2328.406        1735.844        1722.719        1713.531;
    67    0.593        2363.813        1765.563        1752.656        1743.406;
    68    0.602        2399.250        1795.281        1783.125        1774.156;
    69    0.611        2434.656        1824.969        1812.656        1803.781;
    70    0.620        2470.063        1854.750        1842.781        1834.406;
    71    0.629        2505.500        1884.625        1872.625        1864.250;
    72    0.638        2540.906        1914.813        1903.063        1894.719;
    73    0.646        2576.313        1944.969        1932.219        1923.500;
    74    0.655        2611.750        1975.250        1962.000        1953.313;
    75    0.664        2647.156        2005.594        1991.469        1981.938;
    76    0.673        2682.563        2035.844        2021.375        2011.594;
    77    0.682        2718.000        2066.313        2051.563        2041.625;
    78    0.691        2753.406        2096.781        2081.719        2071.594;
    79    0.699        2788.813        2127.375        2112.313        2102.438;
    80    0.708        2824.250        2157.938        2142.625        2132.844;
    81    0.717        2859.656        2188.156        2173.281        2164.063;
    82    0.726        2895.063        2218.250        2203.438        2194.469;
    83    0.735        2930.500        2247.969        2233.531        2224.938;
    84    0.744        2965.906        2277.375        2263.406        2254.813;
    85    0.753        3001.313        2306.750        2292.500        2284.125;
    86    0.761        3036.750        2336.063        2321.688        2312.969;
    87    0.770        3072.156        2365.781        2350.844        2341.313;
    88    0.779        3107.563        2395.625        2380.344        2370.469;
    89    0.788        3143.000        2425.625        2409.719        2399.156;
    90    0.797        3178.406        2455.563        2439.563        2428.563;
    91    0.806        3213.813        2485.406        2468.938        2458.031;
    92    0.815        3249.250        2515.281        2498.719        2487.594;
    93    0.823        3284.656        2544.781        2528.406        2517.156;
    94    0.832        3320.063        2574.469        2558.156        2547.031;
    95    0.841        3355.500        2604.063        2588.219        2577.406;
    96    0.850        3390.906        2633.875        2618.406        2607.531;
    97    0.859        3426.313        2663.875        2649.063        2638.563;
    98    0.868        3461.750        2693.813        2679.250        2668.781;
    99    0.877        3497.156        2723.438        2708.438        2697.938;
   100    0.885        3532.563        2752.750        2737.219        2726.094;
   101    0.894        3568.000        2781.813        2766.031        2754.469;
   102    0.903        3603.406        2810.625        2794.156        2782.250;
   103    0.912        3638.813        2839.375        2822.531        2810.250;
   104    0.921        3674.250        2868.063        2850.656        2838.125;
   105    0.930        3709.656        2897.125        2879.344        2866.469;
   106    0.939        3745.063        2926.313        2907.906        2895.125;
   107    0.947        3780.500        2955.406        2936.938        2924.281;
   108    0.956        3815.906        2984.438        2966.500        2954.188;
   109    0.965        3851.313        3013.219        2995.656        2983.563;
   110    0.974        3886.750        3042.000        3024.875        3013.000;
   111    0.983        3922.156        3070.500        3053.625        3041.906;
   112    0.992        3957.563        3098.969        3082.156        3070.469;
   113    1.001        3993.000        3127.344        3110.156        3097.906;
   114    1.009        4028.406        3155.594        3137.719        3124.844;
   115    1.018        4063.813        3183.906        3165.656        3152.125;
   116    1.027        4099.250        3212.219        3193.750        3180.000;
   117    1.036        4134.656        3240.625        3221.656        3207.344;
   118    1.045        4170.063        3268.969        3250.188        3236.000;
   119    1.054        4205.500        3297.313        3278.344        3264.000;
   120    1.063        4240.906        3325.594        3306.750        3292.750;
   121    1.071        4276.313        3353.719        3335.156        3321.188;
   122    1.080        4311.750        3382.000        3363.688        3350.219;
   123    1.089        4347.156        3410.375        3392.625        3379.313;
   124    1.098        4382.563        3438.875        3422.094        3409.438;
   125    1.107        4418.000        3467.469        3451.063        3438.625;
   126    1.116        4453.406        3496.188        3480.094        3467.563;
   127    1.124        4488.813        3524.719        3508.938        3496.688;
   128    1.133        4524.250        3553.125        3537.031        3524.156;
   129    1.142        4559.656        3581.281        3564.969        3551.844;
   130    1.151        4595.063        3609.156        3592.656        3579.313;
   131    1.160        4630.500        3636.906        3620.156        3606.469;
   132    1.169        4665.906        3664.969        3647.781        3633.625;
   133    1.178        4701.313        3693.281        3676.000        3661.719;
   134    1.186        4736.750        3721.969        3704.375        3689.594;
   135    1.195        4772.156        3750.844        3733.125        3718.469;
   136    1.204        4807.563        3779.719        3762.000        3747.156;
   137    1.213        4843.000        3808.656        3791.438        3776.781;
   138    1.222        4878.406        3837.563        3820.594        3806.375;
   139    1.231        4913.813        3866.281        3849.719        3835.719;
   140    1.240        4949.250        3894.938        3878.281        3863.969;
   141    1.248        4984.656        3923.563        3906.500        3891.688;
   142    1.257        5020.063        3952.438        3935.063        3919.781;
   143    1.266        5055.500        3981.281        3963.219        3947.813;
   144    1.275        5090.906        4010.250        3991.688        3976.125;
   145    1.284        5126.313        4038.938        4019.938        4004.094;
   146    1.293        5161.750        4067.531        4048.313        4032.031;
   147    1.302        5197.156        4096.063        4076.313        4059.938;
   148    1.310        5232.563        4124.563        4104.813        4088.813;
   149    1.319        5268.000        4153.125        4133.219        4117.438;
   150    1.328        5303.406        4181.938        4161.938        4146.625;
   151    1.337        5338.813        4211.031        4191.531        4176.813;
   152    1.346        5374.250        4240.375        4221.125        4206.938;
   153    1.355        5409.656        4270.219        4251.063        4237.031;
   154    1.364        5445.063        4300.063        4281.625        4267.938;
   155    1.372        5480.500        4330.156        4311.938        4298.344;
   156    1.381        5515.906        4360.156        4341.500        4327.250;
   157    1.390        5551.313        4390.188        4371.000        4356.313;
   158    1.399        5586.750        4419.969        4400.625        4385.531;
   159    1.408        5622.156        4449.875        4430.594        4415.156;
   160    1.417        5657.563        4479.813        4460.000        4444.531;
   161    1.426        5693.000        4510.000        4489.781        4474.406;
   162    1.434        5728.406        4540.219        4520.375        4505.000;
   163    1.443        5763.813        4570.719        4550.688        4535.281;
   164    1.452        5799.250        4601.094        4581.781        4566.969;
   165    1.461        5834.656        4631.656        4612.719        4598.563;
   166    1.470        5870.063        4662.281        4644.094        4630.375;
   167    1.479        5905.500        4692.750        4674.938        4661.344;
   168    1.488        5940.906        4723.469        4705.281        4691.594;
   169    1.496        5976.313        4754.219        4735.031        4720.844;
   170    1.505        6011.750        4785.063        4765.781        4751.531;
   171    1.514        6047.156        4816.000        4796.125        4781.281;
   172    1.523        6082.563        4846.844        4826.813        4811.719;
   173    1.532        6118.000        4877.281        4857.281        4842.094;
   174    1.541        6153.406        4907.625        4887.469        4871.813;
   175    1.549        6188.813        4937.594        4917.344        4901.906;
   176    1.558        6224.250        4967.344        4947.438        4932.375;
   177    1.567        6259.656        4996.906        4977.500        4962.938;
   178    1.576        6295.063        5026.844        5007.813        4993.844;
   179    1.585        6330.500        5056.688        5038.094        5024.781;
   180    1.594        6365.906        5086.813        5068.031        5054.781;
   181    1.603        6401.313        5116.813        5097.844        5084.313;
   182    1.611        6436.750        5147.000        5127.375        5113.188;
   183    1.620        6472.156        5176.750        5156.750        5142.344;
   184    1.629        6507.563        5206.438        5185.813        5171.031;
   185    1.638        6543.000        5235.813        5215.344        5200.188;
   186    1.647        6578.406        5265.313        5244.469        5229.094;
   187    1.656        6613.813        5295.031        5273.750        5258.406;
   188    1.665        6649.250        5324.625        5303.344        5287.750;
   189    1.673        6684.656        5354.406        5332.969        5317.563;
   190    1.682        6720.063        5383.906        5362.969        5347.781;
   191    1.691        6755.500        5413.188        5392.813        5378.313;
   192    1.700        6790.906        5442.500        5422.906        5408.844;
   193    1.709        6826.313        5471.469        5452.094        5438.125;
   194    1.718        6861.750        5500.375        5481.125        5466.969;
   195    1.727        6897.156        5529.438        5509.406        5494.750;
   196    1.735        6932.563        5558.719        5538.531        5523.625;
   197    1.744        6968.000        5588.031        5567.594        5552.531;
   198    1.753        7003.406        5617.438        5596.688        5581.531;
   199    1.762        7038.813        5646.875        5625.781        5610.469;
   200    1.771        7074.250        5676.031        5655.000        5639.281;
   201    1.780        7109.656        5705.000        5683.781        5668.000;
   202    1.789        7145.063        5733.750        5712.750        5697.188;
   203    1.797        7180.500        5762.156        5741.031        5725.219;
   204    1.806        7215.906        5790.531        5770.156        5755.000;
   205    1.815        7251.313        5818.969        5799.000        5784.094;
   206    1.824        7286.750        5847.500        5828.188        5813.750;
   207    1.833        7322.156        5876.188        5857.281        5842.625;
   208    1.842        7357.563        5905.094        5886.719        5871.531;
   209    1.851        7393.000        5934.313        5915.219        5899.719;
   210    1.859        7428.406        5963.406        5944.563        5929.281;
   211    1.868        7463.813        5992.281        5972.750        5956.750;
   212    1.877        7499.250        6021.000        6001.063        5984.719;
   213    1.886        7534.656        6049.813        6029.719        6013.063;
   214    1.895        7570.063        6078.656        6058.125        6041.469;
   215    1.904        7605.500        6107.531        6087.188        6070.031;
   216    1.913        7640.906        6136.469        6116.125        6099.000;
   217    1.921        7676.313        6165.219        6144.938        6127.781;
   218    1.930        7711.750        6193.969        6174.156        6157.031;
   219    1.939        7747.156        6222.438        6202.906        6186.344;
   220    1.948        7782.563        6250.531        6231.406        6214.750;
   221    1.957        7818.000        6278.563        6259.531        6242.938;
   222    1.966        7853.406        6306.594        6287.406        6270.250;
   223    1.974        7888.813        6334.906        6315.500        6298.281;
   224    1.983        7924.250        6363.469        6343.469        6325.406;
   225    1.992        7959.656        6392.313        6371.688        6353.594;
   226    2.001        7995.063        6421.188        6400.344        6381.750;
   227    2.010        8030.500        6450.344        6429.094        6410.500;
   228    2.019        8065.906        6479.344        6457.781        6439.063;
   229    2.028        8101.313        6508.125        6486.563        6467.375;
   230    2.036        8136.750        6536.813        6515.344        6496.406;
   231    2.045        8172.156        6565.344        6544.125        6525.094;
   232    2.054        8207.563        6594.094        6573.781        6555.531;
   233    2.063        8243.000        6622.938        6603.063        6585.531;
   234    2.072        8278.406        6651.750        6632.469        6615.188;
   235    2.081        8313.813        6680.656        6661.406        6644.188;
   236    2.090        8349.250        6709.719        6690.125        6673.031;
   237    2.098        8384.656        6738.844        6719.125        6701.531;
   238    2.107        8420.063        6767.844        6747.438        6729.563;
   239    2.116        8455.500        6796.813        6776.188        6757.781;
   240    2.125        8490.906        6825.906        6804.906        6786.625;
   241    2.134        8526.313        6855.156        6833.563        6815.156;
   242    2.143        8561.750        6884.625        6863.406        6844.688;
   243    2.152        8597.156        6914.625        6893.188        6874.500;
   244    2.160        8632.563        6944.719        6923.219        6904.625;
   245    2.169        8668.000        6975.094        6953.906        6935.844;
   246    2.178        8703.406        7005.219        6984.875        6967.344;
   247    2.187        8738.813        7035.469        7015.375        6998.156;
   248    2.196        8774.250        7065.250        7045.281        7028.313;
   249    2.205        8809.656        7095.094        7074.250        7057.000;
   250    2.214        8845.063        7124.563        7103.906        7086.219;
   251    2.222        8880.500        7154.313        7133.188        7115.313;
   252    2.231        8915.906        7183.938        7162.250        7144.156;
   253    2.240        8951.313        7213.750        7192.219        7173.656;
   254    2.249        8986.750        7243.625        7221.906        7203.375;
   255    2.258        9022.156        7273.656        7251.719        7233.281;
   256    2.267        9057.563        7303.688        7281.688        7263.031;
   257    2.276        9093.000        7333.719        7312.469        7293.938;
   258    2.284        9128.406        7363.656        7342.656        7324.250;
   259    2.293        9163.813        7393.781        7373.281        7355.625;
   260    2.302        9199.250        7424.094        7404.375        7387.500;
   261    2.311        9234.656        7454.719        7435.813        7419.625;
   262    2.320        9270.063        7485.313        7467.031        7451.219;
   263    2.329        9305.500        7516.063        7497.063        7480.813;
   264    2.338        9340.906        7546.594        7527.281        7510.469;
   265    2.346        9376.313        7576.563        7557.063        7540.094;
   266    2.355        9411.750        7606.344        7586.844        7569.938;
   267    2.364        9447.156        7635.719        7615.969        7598.500;
   268    2.373        9482.563        7665.188        7645.313        7627.969;
   269    2.382        9518.000        7694.969        7674.438        7656.781;
   270    2.391        9553.406        7724.750        7704.625        7686.906;
   271    2.399        9588.813        7754.938        7735.063        7717.219;
   272    2.408        9624.250        7784.938        7765.625        7748.219;
   273    2.417        9659.656        7815.063        7796.281        7779.406;
   274    2.426        9695.063        7844.813        7826.969        7810.813;
   275    2.435        9730.500        7874.781        7857.219        7841.625;
   276    2.444        9765.906        7904.500        7887.156        7871.406;
   277    2.453        9801.313        7934.469        7916.406        7900.219;
   278    2.461        9836.750        7964.313        7946.281        7930.156;
   279    2.470        9872.156        7994.344        7976.156        7959.406;
   280    2.479        9907.563        8024.094        8006.188        7989.406;
   281    2.488        9943.000        8053.656        8035.594        8018.688;
   282    2.497        9978.406        8083.031        8065.281        8048.563;
   283    2.506       10013.813        8112.156        8094.281        8077.219;
   284    2.515       10049.250        8141.094        8123.563        8106.781;
   285    2.523       10084.656        8170.281        8152.469        8135.938;
   286    2.532       10120.063        8199.531        8182.000        8165.750;
   287    2.541       10155.500        8228.875        8211.594        8195.313;
   288    2.550       10190.906        8258.719        8242.000        8226.406;
   289    2.559       10226.313        8288.531        8271.969        8256.344;
   290    2.568       10261.750        8318.469        8301.906        8286.313;
   291    2.577       10297.156        8348.031        8331.125        8314.969;
   292    2.585       10332.563        8377.281        8360.469        8344.156;
   293    2.594       10368.000        8406.469        8389.531        8372.938;
   294    2.603       10403.406        8435.344        8418.000        8401.063;
   295    2.612       10438.813        8464.125        8446.125        8428.563;
   296    2.621       10474.250        8492.906        8474.500        8456.844;
   297    2.630       10509.656        8521.969        8503.188        8485.281;
   298    2.639       10545.063        8551.063        8532.219        8514.531;
   299    2.647       10580.500        8580.094        8560.781        8543.000;
   300    2.656       10615.906        8609.156        8590.844        8573.594;
   301    2.665       10651.313        8638.313        8620.188        8603.500;
   302    2.674       10686.750        8667.375        8649.844        8633.656;
   303    2.683       10722.156        8696.344        8679.344        8663.094;
   304    2.692       10757.563        8725.594        8708.125        8691.625;
   305    2.701       10793.000        8755.094        8737.563        8720.844;
   306    2.709       10828.406        8784.625        8766.625        8749.063;
   307    2.718       10863.813        8814.344        8796.250        8778.719;
   308    2.727       10899.250        8843.844        8825.594        8807.906;
   309    2.736       10934.656        8873.250        8854.563        8836.375;
   310    2.745       10970.063        8902.563        8883.375        8865.344;
   311    2.754       11005.500        8931.469        8911.969        8893.781;
   312    2.763       11040.906        8960.156        8940.281        8922.094;
   313    2.771       11076.313        8988.938        8969.219        8951.250;
   314    2.780       11111.750        9018.125        8999.406        8981.813;
   315    2.789       11147.156        9047.531        9029.344        9012.563;
   316    2.798       11182.563        9077.219        9059.844        9043.563;
   317    2.807       11218.000        9107.281        9089.875        9073.531;
   318    2.816       11253.406        9137.156        9120.000        9103.313;
   319    2.824       11288.813        9167.125        9149.875        9133.031;
   320    2.833       11324.250        9196.750        9178.938        9161.875;
   321    2.842       11359.656        9226.469        9208.688        9191.563;
   322    2.851       11395.063        9256.125        9237.813        9220.563;
   323    2.860       11430.500        9286.156        9266.844        9249.469;
   324    2.869       11465.906        9316.000        9296.719        9279.438;
   325    2.878       11501.313        9346.000        9326.063        9308.719;
   326    2.886       11536.750        9375.844        9356.531        9340.031;
   327    2.895       11572.156        9405.844        9387.563        9371.969;
   328    2.904       11607.563        9435.750        9418.031        9403.188;
   329    2.913       11643.000        9465.781        9448.469        9433.969;
   330    2.922       11678.406        9495.844        9479.375        9465.406;
   331    2.931       11713.813        9526.219        9509.406        9495.313;
   332    2.940       11749.250        9556.781        9540.063        9525.844;
   333    2.948       11784.656        9587.781        9570.625        9556.125;
   334    2.957       11820.063        9618.969        9601.094        9586.500;
   335    2.966       11855.500        9650.125        9631.469        9616.688;
   336    2.975       11890.906        9681.156        9661.938        9647.281;
   337    2.984       11926.313        9712.063        9691.844        9677.031;
   338    2.993       11961.750        9742.625        9722.344        9707.938;
   339    3.002       11997.156        9773.094        9752.438        9737.906;
   340    3.010       12032.563        9803.844        9783.719        9769.875;
   341    3.019       12068.000        9834.938        9815.469        9802.188;
   342    3.028       12103.406        9866.156        9847.406        9834.813;
   343    3.037       12138.813        9897.531        9879.031        9866.500;
   344    3.046       12174.250        9929.000        9910.563        9897.750;
   345    3.055       12209.656        9960.531        9941.844        9928.813;
   346    3.064       12245.063        9991.938        9972.813        9959.563;
   347    3.072       12280.500       10023.188       10004.344        9991.031;
   348    3.081       12315.906       10054.375       10034.969       10021.063;
   349    3.090       12351.313       10085.563       10066.125       10052.406;
   350    3.099       12386.750       10116.906       10096.969       10082.906;
   351    3.108       12422.156       10148.250       10127.938       10113.813;
   352    3.117       12457.563       10179.469       10159.906       10146.438;
   353    3.126       12493.000       10210.313       10191.375       10178.219;
   354    3.134       12528.406       10240.938       10223.094       10210.563;
   355    3.143       12563.813       10271.188       10254.563       10243.031;
   356    3.152       12599.250       10301.188       10284.906       10273.594;
   357    3.161       12634.656       10331.375       10314.969       10303.281;
   358    3.170       12670.063       10361.625       10345.406       10333.719;
   359    3.179       12705.500       10391.969       10375.438       10363.219;
   360    3.188       12740.906       10422.469       10405.281       10393.125;
   361    3.196       12776.313       10452.844       10435.438       10423.250;
   362    3.205       12811.750       10483.188       10465.250       10452.781;
   363    3.214       12847.156       10513.125       10495.031       10482.500;
   364    3.223       12882.563       10542.906       10524.656       10512.438;
   365    3.232       12918.000       10572.531       10554.344       10542.281;
   366    3.241       12953.406       10602.375       10584.188       10572.219;
   367    3.249       12988.813       10632.375       10614.875       10603.406;
   368    3.258       13024.250       10662.500       10646.125       10635.563;
   369    3.267       13059.656       10692.563       10677.031       10666.906;
   370    3.276       13095.063       10722.594       10707.531       10697.344;
   371    3.285       13130.500       10752.406       10737.031       10726.500;
   372    3.294       13165.906       10782.094       10766.375       10755.531;
   373    3.303       13201.313       10811.500       10795.625       10784.781;
   374    3.311       13236.750       10841.063       10824.500       10813.250;
   375    3.320       13272.156       10870.750       10853.375       10841.906;
   376    3.329       13307.563       10900.438       10882.813       10871.250;
   377    3.338       13343.000       10930.313       10912.125       10900.344;
   378    3.347       13378.406       10960.125       10941.938       10930.563;
   379    3.356       13413.813       10989.969       10971.844       10960.938;
   380    3.365       13449.250       11019.563       11001.656       10991.000;
   381    3.373       13484.656       11049.000       11032.313       11022.219;
   382    3.382       13520.063       11078.156       11062.313       11052.625;
   383    3.391       13555.500       11107.063       11091.719       11082.156;
   384    3.400       13590.906       11136.000       11120.938       11111.406;
   385    3.409       13626.313       11164.906       11149.375       11139.750;
   386    3.418       13661.750       11194.000       11177.719       11167.906;
   387    3.427       13697.156       11223.156       11206.719       11196.531;
   388    3.435       13732.563       11252.344       11235.688       11225.563;
   389    3.444       13768.000       11281.750       11264.531       11254.219;
   390    3.453       13803.406       11311.031       11293.719       11283.375;
   391    3.462       13838.813       11340.125       11322.531       11312.219;
   392    3.471       13874.250       11369.344       11352.031       11341.750;
   393    3.480       13909.656       11398.750       11382.156       11372.156;
   394    3.489       13945.063       11428.313       11412.156       11402.469;
   395    3.497       13980.500       11458.125       11443.063       11434.250;
   396    3.506       14015.906       11487.875       11473.188       11464.688;
   397    3.515       14051.313       11517.563       11503.594       11495.250;
   398    3.524       14086.750       11547.125       11532.656       11524.000;
   399    3.533       14122.156       11576.469       11561.406       11552.594;
   400    3.542       14157.563       11605.594       11590.188       11581.125;
   401    3.551       14193.000       11634.594       11618.219       11609.063;
   402    3.559       14228.406       11663.781       11646.938       11637.188;
   403    3.568       14263.813       11693.031       11676.125       11666.438;
   404    3.577       14299.250       11722.594       11705.688       11696.031;
   405    3.586       14334.656       11752.188       11735.781       11726.313;
   406    3.595       14370.063       11781.969       11766.313       11757.375;
   407    3.604       14405.500       11811.719       11796.594       11787.906;
   408    3.613       14440.906       11841.531       11827.594       11819.438;
   409    3.621       14476.313       11871.344       11858.375       11850.563;
   410    3.630       14511.750       11901.063       11889.094       11881.625;
   411    3.639       14547.156       11931.000       11919.281       11911.406;
   412    3.648       14582.563       11960.813       11949.406       11941.531;
   413    3.657       14618.000       11990.719       11978.969       11970.719;
   414    3.666       14653.406       12020.469       12008.500       11999.938;
   415    3.674       14688.813       12050.375       12038.156       12029.219;
   416    3.683       14724.250       12080.281       12067.031       12057.719;
   417    3.692       14759.656       12110.156       12096.313       12086.500;
   418    3.701       14795.063       12139.844       12126.031       12116.219;
   419    3.710       14830.500       12169.688       12155.313       12145.500;
   420    3.719       14865.906       12199.781       12186.000       12176.281;
   421    3.728       14901.313       12230.375       12217.750       12208.688;
   422    3.736       14936.750       12261.094       12249.344       12240.406;
   423    3.745       14972.156       12292.188       12281.219       12272.625;
   424    3.754       15007.563       12323.438       12313.094       12304.563;
   425    3.763       15043.000       12354.594       12344.781       12336.156;
   426    3.772       15078.406       12385.625       12375.344       12366.250;
   427    3.781       15113.813       12416.531       12405.906       12396.500;
   428    3.790       15149.250       12447.406       12436.000       12426.250;
   429    3.798       15184.656       12478.313       12466.031       12455.781;
   430    3.807       15220.063       12509.000       12497.031       12486.906;
   431    3.816       15255.500       12539.906       12527.344       12516.813;
   432    3.825       15290.906       12571.000       12558.781       12548.688;
   433    3.834       15326.313       12602.156       12590.344       12580.500;
   434    3.843       15361.750       12633.281       12622.500       12613.125;
   435    3.852       15397.156       12664.406       12654.406       12645.281;
   436    3.860       15432.563       12695.563       12686.344       12677.594;
   437    3.869       15468.000       12726.875       12718.094       12709.219;
   438    3.878       15503.406       12758.438       12749.313       12740.094;
   439    3.887       15538.813       12790.063       12780.531       12770.875;
   440    3.896       15574.250       12821.750       12812.375       12802.563;
   441    3.905       15609.656       12853.219       12843.313       12833.344;
   442    3.914       15645.063       12884.469       12874.219       12864.031;
   443    3.922       15680.500       12915.406       12904.469       12894.063;
   444    3.931       15715.906       12945.688       12935.063       12924.406;
   445    3.940       15751.313       12976.000       12965.344       12954.781;
   446    3.949       15786.750       13006.375       12996.688       12986.688;
   447    3.958       15822.156       13036.844       13027.875       13018.125;
   448    3.967       15857.563       13067.813       13059.531       13050.031;
   449    3.976       15893.000       13098.969       13091.156       13081.625;
   450    3.984       15928.406       13130.156       13123.156       13114.031;
   451    3.993       15963.813       13161.344       13154.063       13144.688;
   452    4.002       15999.063       13192.500       13184.375       13174.469;
   453    4.011       16000.000       13223.094       13215.438       13205.688;
   454    4.020       16000.000       13249.469       13241.313       13231.406;
   455    4.029       16000.000       13270.781       13263.500       13253.688;
   456    4.038       16000.000       13288.344       13280.688       13270.625;
   457    4.046       16000.000       13302.969       13295.406       13285.313;
   458    4.055       16000.000       13314.844       13306.969       13297.094;
   459    4.064       16000.000       13324.469       13316.781       13306.906;
   460    4.073       16000.000       13332.219       13324.750       13314.906;
   461    4.082       16000.000       13338.438       13331.219       13321.594;
   462    4.091       16000.000       13343.250       13336.094       13326.469;
   463    4.099       16000.000       13346.844       13339.750       13330.469;
   464    4.108       16000.000       13349.469       13342.563       13333.281;
   465    4.117       16000.000       13351.344       13344.469       13335.281;
   466    4.126       16000.000       13352.469       13345.563       13336.563;
   467    4.135       16000.000       13352.688       13346.469       13337.469;
   468    4.144       16000.000       13353.344       13346.469       13337.469;
   469    4.153       16000.000       13353.469       13346.469       13337.469;
   470    4.161       16000.000       13352.000       13346.469       13337.469;
   471    4.170       16000.000       13350.188       13346.469       13337.469;
   472    4.179       16000.000       13348.313       13344.281       13337.469;
   473    4.188       16000.000       13346.281       13342.688       13335.438;
   474    4.197       16000.000       13344.313       13341.125       13334.094;
   475    4.206       16000.000       13342.344       13339.563       13332.781;
   476    4.215       16000.000       13340.625       13338.188       13331.594;
   477    4.223       16000.000       13339.031       13336.969       13330.500;
   478    4.232       16000.000       13337.594       13335.719       13329.344;
   479    4.241       16000.000       13336.469       13334.531       13328.438;
   480    4.250       16000.000       13335.438       13333.594       13327.531;
   481    4.259       16000.000       13334.500       13332.969       13327.000;
   482    4.268       16000.000       13333.719       13332.500       13326.500;
   483    4.277       16000.000       13333.500       13331.875       13325.938;
   484    4.285       16000.000       13333.000       13331.500       13325.500;
   485    4.294       16000.000       13332.500       13331.500       13325.500;
   486    4.303       16000.000       13332.500       13331.500       13325.500;
   487    4.312       16000.000       13332.500       13331.500       13325.500;
   488    4.321       16000.000       13332.500       13331.500       13325.500;
   489    4.330       16000.000       13332.500       13331.500       13325.500;
   490    4.339       16000.000       13332.500       13331.500       13325.500;
   491    4.347       16000.000       13332.500       13331.500       13325.500;
   492    4.356       16000.000       13334.000       13331.500       13325.500;
   493    4.365       16000.000       13334.000       13331.500       13325.500;
   494    4.374       16000.000       13334.000       13331.500       13325.500;
   495    4.383       16000.000       13334.938       13331.500       13325.500;
   496    4.392       16000.000       13335.406       13331.500       13325.500;
   497    4.401       16000.000       13335.469       13333.000       13325.500;
   498    4.409       16000.000       13335.469       13333.000       13325.500;
   499    4.418       16000.000       13335.469       13333.000       13325.500;
   500    4.427       16000.000       13335.469       13333.000       13325.500;
   501    4.436       16000.000       13335.469       13333.000       13325.500;
   502    4.445       16000.000       13335.469       13333.000       13325.500;
   503    4.454       16000.000       13335.469       13333.000       13325.500;
   504    4.463       16000.000       13335.469       13333.000       13325.500;
   505    4.471       16000.000       13335.469       13333.000       13325.500;
   506    4.480       16000.000       13335.469       13333.000       13325.500;
   507    4.489       16000.000       13335.469       13333.000       13325.500;
   508    4.498       16000.000       13335.469       13333.000       13325.500;
   509    4.507       16000.000       13335.469       13333.000       13325.500;
   510    4.516       16000.000       13335.469       13333.000       13325.500;
   511    4.524       16000.000       13335.469       13333.000       13325.500;
   512    4.533       16000.000       13335.469       13333.000       13325.500;
   513    4.542       16000.000       13335.469       13333.000       13325.500;
   514    4.551       16000.000       13335.469       13333.000       13325.500;
   515    4.560       16000.000       13335.469       13333.000       13325.500;
   516    4.569       16000.000       13335.469       13333.000       13325.500;
   517    4.578       16000.000       13335.469       13333.000       13325.500;
   518    4.586       16000.000       13335.469       13333.000       13325.500;
   519    4.595       16000.000       13335.469       13333.000       13325.500;
   520    4.604       16000.000       13335.469       13333.000       13325.500;
   521    4.613       16000.000       13335.469       13333.000       13325.500;
   522    4.622       16000.000       13335.469       13333.000       13325.500;
   523    4.631       16000.000       13335.469       13333.000       13325.500;
   524    4.640       16000.000       13335.469       13333.000       13325.500;
   525    4.648       16000.000       13335.469       13333.000       13325.500;
   526    4.657       16000.000       13335.469       13333.000       13325.500;
   527    4.666       16000.000       13335.469       13333.000       13325.500;
   528    4.675       16000.000       13335.469       13333.000       13325.500;
   529    4.684       16000.000       13335.469       13333.000       13325.500;
   530    4.693       16000.000       13335.469       13333.000       13325.500;
   531    4.702       16000.000       13335.469       13333.000       13325.500;
   532    4.710       16000.000       13335.469       13333.000       13325.500;
   533    4.719       16000.000       13335.469       13333.000       13325.500;
   534    4.728       16000.000       13335.469       13333.000       13325.500;
   535    4.737       16000.000       13335.469       13333.000       13325.500;
   536    4.746       16000.000       13335.469       13333.000       13325.500;
   537    4.755       16000.000       13335.469       13333.000       13325.500;
   538    4.764       16000.000       13335.469       13333.000       13325.500;
   539    4.772       16000.000       13335.469       13333.000       13325.500;
   540    4.781       16000.000       13335.469       13333.000       13325.500;
   541    4.790       16000.000       13335.469       13333.000       13325.500;
   542    4.799       16000.000       13335.469       13333.000       13325.500;
   543    4.808       16000.000       13335.469       13333.000       13325.500;
   544    4.817       16000.000       13335.469       13333.000       13325.500;
   545    4.826       16000.000       13335.469       13333.000       13325.500;
   546    4.834       16000.000       13335.469       13333.000       13325.500;
   547    4.843       16000.000       13335.469       13333.000       13325.500;
   548    4.852       16000.000       13335.469       13333.000       13325.500;
   549    4.861       16000.000       13335.469       13333.000       13325.500;
   550    4.870       16000.000       13335.469       13333.000       13325.500;
   551    4.879       16000.000       13335.469       13333.000       13325.500;
   552    4.888       16000.000       13335.469       13333.000       13325.500;
   553    4.896       16000.000       13335.469       13333.000       13325.500;
   554    4.905       16000.000       13335.469       13333.000       13325.500;
   555    4.914       16000.000       13335.469       13333.000       13325.500;
   556    4.923       16000.000       13335.469       13333.000       13325.500;
   557    4.932       16000.000       13335.469       13333.000       13325.500;
   558    4.941       16000.000       13335.469       13333.000       13325.500;
   559    4.949       16000.000       13335.469       13333.000       13325.500;
   560    4.958       16000.000       13335.469       13333.000       13325.500;
   561    4.967       16000.000       13335.469       13333.000       13325.500;
   562    4.976       16000.000       13335.469       13333.000       13325.500;
   563    4.985       16000.000       13335.469       13333.000       13325.500;
   564    4.994       16000.000       13335.469       13333.000       13325.500;
   565    5.003       16000.000       13335.469       13333.000       13325.500;
   566    5.011       15973.656       13335.469       13333.000       13325.500;
   567    5.020       15938.219       13333.250       13332.000       13325.500;
   568    5.029       15902.813       13324.781       13326.281       13321.906;
   569    5.038       15867.406       13313.125       13315.219       13311.250;
   570    5.047       15831.969       13298.469       13301.625       13298.625;
   571    5.056       15796.563       13281.188       13285.156       13282.563;
   572    5.065       15761.156       13261.563       13267.031       13265.031;
   573    5.073       15725.719       13240.500       13247.250       13245.844;
   574    5.082       15690.313       13218.250       13226.094       13225.375;
   575    5.091       15654.906       13194.844       13204.063       13204.063;
   576    5.100       15619.469       13170.531       13180.688       13181.500;
   577    5.109       15584.063       13145.344       13155.375       13156.281;
   578    5.118       15548.656       13119.531       13130.688       13132.188;
   579    5.127       15513.219       13093.375       13104.844       13106.406;
   580    5.135       15477.813       13067.125       13078.000       13079.813;
   581    5.144       15442.406       13040.844       13051.469       13053.219;
   582    5.153       15406.969       13014.438       13025.406       13027.281;
   583    5.162       15371.563       12988.000       12998.594       13000.438;
   584    5.171       15336.156       12961.500       12971.906       12973.563;
   585    5.180       15300.719       12935.094       12944.969       12946.406;
   586    5.189       15265.313       12908.625       12918.375       12920.250;
   587    5.197       15229.906       12881.969       12891.750       12893.500;
   588    5.206       15194.469       12855.438       12865.625       12867.500;
   589    5.215       15159.063       12828.906       12839.719       12841.906;
   590    5.224       15123.656       12802.469       12813.469       12816.125;
   591    5.233       15088.219       12776.156       12787.063       12790.063;
   592    5.242       15052.813       12749.781       12760.938       12763.906;
   593    5.251       15017.406       12723.656       12735.000       12738.313;
   594    5.259       14981.969       12697.406       12709.219       12712.844;
   595    5.268       14946.563       12671.250       12682.906       12686.875;
   596    5.277       14911.156       12645.031       12656.719       12660.469;
   597    5.286       14875.719       12618.688       12629.844       12633.813;
   598    5.295       14840.313       12592.406       12603.250       12607.063;
   599    5.304       14804.906       12566.000       12576.813       12580.219;
   600    5.313       14769.469       12539.719       12550.063       12553.688;
   601    5.321       14734.063       12513.344       12524.063       12527.688;
   602    5.330       14698.656       12487.094       12497.938       12501.313;
   603    5.339       14663.219       12460.938       12472.688       12476.406;
   604    5.348       14627.813       12434.875       12446.469       12450.344;
   605    5.357       14592.406       12409.063       12421.125       12425.281;
   606    5.366       14556.969       12383.188       12395.438       12399.969;
   607    5.374       14521.563       12357.250       12369.688       12374.125;
   608    5.383       14486.156       12331.250       12343.875       12348.188;
   609    5.392       14450.719       12305.250       12317.469       12322.000;
   610    5.401       14415.313       12279.063       12290.844       12295.250;
   611    5.410       14379.906       12252.844       12264.719       12269.031;
   612    5.419       14344.469       12226.531       12238.063       12242.625;
   613    5.428       14309.063       12200.250       12211.500       12215.938;
   614    5.436       14273.656       12173.813       12184.625       12188.594;
   615    5.445       14238.219       12147.469       12157.250       12161.219;
   616    5.454       14202.813       12121.031       12130.625       12134.594;
   617    5.463       14167.406       12094.375       12104.688       12108.750;
   618    5.472       14131.969       12067.781       12078.063       12082.531;
   619    5.481       14096.563       12041.031       12051.875       12056.594;
   620    5.490       14061.156       12014.281       12025.688       12030.969;
   621    5.498       14025.719       11987.813       11999.219       12004.688;
   622    5.507       13990.313       11961.281       11972.844       11978.438;
   623    5.516       13954.906       11934.875       11946.375       11952.031;
   624    5.525       13919.469       11908.500       11919.719       11925.375;
   625    5.534       13884.063       11882.156       11893.031       11898.844;
   626    5.543       13848.656       11855.906       11866.500       11872.250;
   627    5.552       13813.219       11829.563       11839.938       11845.531;
   628    5.560       13777.813       11803.281       11812.875       11818.406;
   629    5.569       13742.406       11776.813       11785.906       11791.344;
   630    5.578       13706.969       11750.063       11758.656       11763.875;
   631    5.587       13671.563       11723.406       11731.781       11736.719;
   632    5.596       13636.156       11696.625       11704.938       11709.500;
   633    5.605       13600.719       11669.656       11678.156       11683.250;
   634    5.614       13565.313       11642.813       11651.438       11656.719;
   635    5.622       13529.906       11616.063       11624.813       11630.031;
   636    5.631       13494.469       11589.344       11598.781       11604.469;
   637    5.640       13459.063       11562.781       11572.469       11578.406;
   638    5.649       13423.656       11536.438       11545.781       11551.531;
   639    5.658       13388.219       11509.938       11519.344       11525.281;
   640    5.667       13352.813       11483.375       11492.375       11498.469;
   641    5.676       13317.406       11456.500       11465.406       11471.469;
   642    5.684       13281.969       11429.313       11437.531       11443.500;
   643    5.693       13246.563       11401.906       11409.938       11415.563;
   644    5.702       13211.156       11374.250       11381.250       11386.250;
   645    5.711       13175.719       11346.500       11353.281       11358.031;
   646    5.720       13140.313       11318.688       11324.938       11329.688;
   647    5.729       13104.906       11290.875       11297.688       11302.594;
   648    5.738       13069.469       11263.125       11270.313       11275.594;
   649    5.746       13034.063       11235.125       11242.563       11248.063;
   650    5.755       12998.656       11207.031       11214.938       11220.813;
   651    5.764       12963.219       11178.688       11186.563       11192.531;
   652    5.773       12927.813       11150.375       11158.406       11164.531;
   653    5.782       12892.406       11122.156       11130.188       11136.344;
   654    5.791       12856.969       11094.094       11102.031       11108.594;
   655    5.799       12821.563       11066.375       11073.719       11079.906;
   656    5.808       12786.156       11038.875       11045.594       11051.656;
   657    5.817       12750.719       11011.313       11017.563       11023.094;
   658    5.826       12715.313       10983.750       10988.969       10994.219;
   659    5.835       12679.906       10955.875       10961.031       10965.750;
   660    5.844       12644.469       10927.750       10932.531       10937.313;
   661    5.853       12609.063       10899.281       10904.375       10909.063;
   662    5.861       12573.656       10870.719       10876.438       10881.625;
   663    5.870       12538.219       10842.125       10848.375       10853.563;
   664    5.879       12502.813       10813.656       10820.281       10825.844;
   665    5.888       12467.406       10785.563       10792.625       10798.219;
   666    5.897       12431.969       10757.625       10764.938       10771.000;
   667    5.906       12396.563       10730.031       10737.438       10743.219;
   668    5.915       12361.156       10702.313       10710.438       10716.531;
   669    5.923       12325.719       10674.656       10682.406       10688.375;
   670    5.932       12290.313       10647.156       10654.938       10661.094;
   671    5.941       12254.906       10619.906       10626.875       10632.750;
   672    5.950       12219.469       10592.844       10599.594       10604.969;
   673    5.959       12184.063       10566.000       10572.031       10576.969;
   674    5.968       12148.656       10539.438       10545.469       10550.188;
   675    5.977       12113.219       10512.938       10518.844       10523.906;
   676    5.985       12077.813       10486.469       10492.844       10498.313;
   677    5.994       12042.406       10460.125       10466.500       10471.938;
   678    6.003       12006.969       10433.500       10440.750       10446.469;
   679    6.012       11971.563       10406.969       10414.219       10420.406;
   680    6.021       11936.156       10380.344       10387.875       10394.313;
   681    6.030       11900.719       10353.813       10361.344       10367.500;
   682    6.039       11865.313       10327.531       10335.219       10341.750;
   683    6.047       11829.906       10301.250       10308.781       10315.281;
   684    6.056       11794.469       10275.313       10282.500       10288.688;
   685    6.065       11759.063       10249.594       10256.750       10262.594;
   686    6.074       11723.656       10224.094       10230.563       10236.281;
   687    6.083       11688.219       10198.625       10204.313       10209.594;
   688    6.092       11652.813       10173.094       10178.250       10183.031;
   689    6.101       11617.406       10147.469       10152.688       10157.250;
   690    6.109       11581.969       10121.594       10126.719       10131.719;
   691    6.118       11546.563       10095.656       10100.906       10106.125;
   692    6.127       11511.156       10069.563       10074.781       10080.000;
   693    6.136       11475.719       10043.750       10049.250       10054.719;
   694    6.145       11440.313       10017.781       10023.281       10028.844;
   695    6.154       11404.906        9992.094        9997.344       10002.906;
   696    6.163       11369.469        9966.438        9971.969        9977.750;
   697    6.171       11334.063        9940.906        9946.031        9951.469;
   698    6.180       11298.656        9915.188        9920.344        9925.594;
   699    6.189       11263.219        9889.406        9894.125        9899.531;
   700    6.198       11227.813        9863.531        9867.844        9873.063;
   701    6.207       11192.406        9837.500        9841.469        9846.438;
   702    6.216       11156.969        9811.563        9814.281        9818.906;
   703    6.224       11121.563        9785.563        9787.531        9791.500;
   704    6.233       11086.156        9759.875        9761.250        9764.813;
   705    6.242       11050.719        9734.281        9735.281        9738.813;
   706    6.251       11015.313        9709.000        9710.313        9714.219;
   707    6.260       10979.906        9683.406        9685.344        9689.625;
   708    6.269       10944.469        9657.625        9659.969        9664.188;
   709    6.278       10909.063        9631.875        9634.656        9639.094;
   710    6.286       10873.656        9605.875        9609.219        9613.500;
   711    6.295       10838.219        9580.000        9583.719        9588.281;
   712    6.304       10802.813        9553.844        9557.719        9562.688;
   713    6.313       10767.406        9527.906        9532.281        9537.375;
   714    6.322       10731.969        9501.906        9506.406        9511.313;
   715    6.331       10696.563        9476.250        9480.594        9485.156;
   716    6.340       10661.156        9450.563        9454.563        9459.219;
   717    6.348       10625.719        9425.125        9428.656        9432.875;
   718    6.357       10590.313        9399.531        9402.438        9405.969;
   719    6.366       10554.906        9373.688        9376.688        9379.906;
   720    6.375       10519.469        9348.000        9350.000        9352.875;
   721    6.384       10484.063        9321.938        9323.938        9326.406;
   722    6.393       10448.656        9296.063        9298.344        9300.750;
   723    6.402       10413.219        9270.063        9273.063        9275.531;
   724    6.410       10377.813        9244.438        9247.406        9250.000;
   725    6.419       10342.406        9218.813        9222.188        9224.781;
   726    6.428       10306.969        9193.469        9197.438        9200.344;
   727    6.437       10271.563        9168.250        9171.875        9174.563;
   728    6.446       10236.156        9142.875        9147.000        9149.688;
   729    6.455       10200.719        9117.313        9121.469        9124.219;
   730    6.464       10165.313        9091.469        9095.594        9098.563;
   731    6.472       10129.906        9065.344        9068.875        9071.594;
   732    6.481       10094.469        9039.031        9042.375        9045.031;
   733    6.490       10059.063        9012.625        9015.125        9017.281;
   734    6.499       10023.656        8986.156        8988.625        8990.531;
   735    6.508        9988.219        8959.969        8961.656        8963.031;
   736    6.517        9952.813        8933.625        8935.563        8936.781;
   737    6.526        9917.406        8907.844        8909.625        8911.000;
   738    6.534        9881.969        8881.781        8884.375        8885.844;
   739    6.543        9846.563        8855.875        8858.344        8859.656;
   740    6.552        9811.156        8829.500        8832.656        8833.969;
   741    6.561        9775.719        8803.063        8806.188        8807.844;
   742    6.570        9740.313        8776.344        8779.563        8781.313;
   743    6.579        9704.906        8749.250        8752.438        8754.031;
   744    6.588        9669.469        8722.063        8725.344        8727.125;
   745    6.596        9634.063        8694.906        8697.938        8699.625;
   746    6.605        9598.656        8667.719        8670.188        8671.688;
   747    6.614        9563.219        8640.469        8642.375        8643.375;
   748    6.623        9527.813        8613.063        8614.313        8614.906;
   749    6.632        9492.406        8585.375        8586.219        8586.281;
   750    6.641        9456.969        8557.344        8558.031        8558.156;
   751    6.649        9421.563        8529.000        8530.344        8530.750;
   752    6.658        9386.156        8500.500        8502.094        8502.969;
   753    6.667        9350.719        8472.000        8474.094        8474.969;
   754    6.676        9315.313        8443.750        8445.719        8446.469;
   755    6.685        9279.906        8415.750        8418.531        8419.500;
   756    6.694        9244.469        8388.156        8391.156        8392.438;
   757    6.703        9209.063        8360.688        8363.938        8365.688;
   758    6.711        9173.656        8333.156        8336.469        8338.125;
   759    6.720        9138.219        8305.406        8308.844        8310.656;
   760    6.729        9102.813        8277.344        8280.688        8282.250;
   761    6.738        9067.406        8249.156        8252.219        8253.875;
   762    6.747        9031.969        8220.750        8223.531        8225.031;
   763    6.756        8996.563        8192.406        8195.031        8196.688;
   764    6.765        8961.156        8163.969        8166.156        8167.719;
   765    6.773        8925.719        8135.688        8138.813        8140.813;
   766    6.782        8890.313        8107.594        8110.875        8113.031;
   767    6.791        8854.906        8079.625        8083.313        8085.844;
   768    6.800        8819.469        8051.688        8055.313        8057.875;
   769    6.809        8784.063        8023.656        8027.656        8030.406;
   770    6.818        8748.656        7995.719        7999.469        8002.188;
   771    6.827        8713.219        7967.750        7971.688        7974.656;
   772    6.835        8677.813        7940.125        7943.844        7946.656;
   773    6.844        8642.406        7912.781        7916.719        7919.813;
   774    6.853        8606.969        7885.531        7889.375        7892.344;
   775    6.862        8571.563        7858.844        7862.813        7865.969;
   776    6.871        8536.156        7832.344        7835.438        7837.906;
   777    6.880        8500.719        7805.625        7808.656        7810.531;
   778    6.889        8465.313        7779.094        7781.156        7782.563;
   779    6.897        8429.906        7752.250        7753.906        7754.938;
   780    6.906        8394.469        7725.094        7726.656        7727.719;
   781    6.915        8359.063        7697.844        7699.813        7701.219;
   782    6.924        8323.656        7670.781        7673.000        7674.656;
   783    6.933        8288.219        7643.875        7645.875        7647.719;
   784    6.942        8252.813        7617.125        7619.719        7622.000;
   785    6.951        8217.406        7590.625        7593.375        7595.656;
   786    6.959        8181.969        7564.531        7567.094        7569.625;
   787    6.968        8146.563        7538.406        7540.906        7543.438;
   788    6.977        8111.156        7512.438        7514.594        7517.000;
   789    6.986        8075.719        7486.250        7488.469        7490.875;
   790    6.995        8040.313        7460.188        7461.875        7464.156;
   791    7.004        8004.906        7433.719        7435.500        7437.750;
   792    7.013        7969.469        7407.313        7408.281        7409.750;
   793    7.021        7934.063        7380.969        7381.375        7382.281;
   794    7.030        7898.656        7354.625        7354.531        7355.188;
   795    7.039        7863.219        7328.531        7328.781        7329.500;
   796    7.048        7827.813        7302.250        7302.906        7304.188;
   797    7.057        7792.406        7276.219        7276.875        7278.313;
   798    7.066        7756.969        7249.750        7250.500        7252.219;
   799    7.074        7721.563        7223.156        7224.281        7226.219;
   800    7.083        7686.156        7196.313        7197.531        7199.750;
   801    7.092        7650.719        7169.188        7170.406        7172.625;
   802    7.101        7615.313        7141.969        7143.281        7145.594;
   803    7.110        7579.906        7115.063        7116.313        7118.563;
   804    7.119        7544.469        7088.375        7089.656        7092.031;
   805    7.128        7509.063        7061.625        7062.500        7064.688;
   806    7.136        7473.656        7035.188        7035.625        7037.563;
   807    7.145        7438.219        7008.563        7008.750        7010.094;
   808    7.154        7402.813        6981.469        6980.625        6980.969;
   809    7.163        7367.406        6954.156        6953.344        6953.438;
   810    7.172        7331.969        6926.656        6925.844        6926.188;
   811    7.181        7296.563        6898.969        6898.531        6899.094;
   812    7.190        7261.156        6871.313        6871.031        6871.688;
   813    7.198        7225.719        6843.781        6843.469        6844.406;
   814    7.207        7190.313        6816.281        6816.313        6817.406;
   815    7.216        7154.906        6788.969        6788.969        6789.938;
   816    7.225        7119.469        6761.688        6761.875        6762.875;
   817    7.234        7084.063        6734.469        6734.719        6735.781;
   818    7.243        7048.656        6707.125        6707.500        6708.656;
   819    7.252        7013.219        6679.688        6680.031        6680.875;
   820    7.260        6977.813        6652.031        6651.781        6652.469;
   821    7.269        6942.406        6624.313        6623.688        6623.688;
   822    7.278        6906.969        6596.594        6595.375        6595.094;
   823    7.287        6871.563        6568.906        6566.875        6565.594;
   824    7.296        6836.156        6541.344        6539.719        6539.000;
   825    7.305        6800.719        6513.844        6512.344        6511.469;
   826    7.314        6765.313        6486.375        6485.344        6485.000;
   827    7.322        6729.906        6458.844        6458.125        6458.156;
   828    7.331        6694.469        6431.156        6430.781        6431.188;
   829    7.340        6659.063        6403.281        6403.031        6403.688;
   830    7.349        6623.656        6375.313        6375.344        6376.375;
   831    7.358        6588.219        6347.313        6347.594        6348.781;
   832    7.367        6552.813        6319.438        6320.063        6321.469;
   833    7.376        6517.406        6291.781        6292.500        6294.188;
   834    7.384        6481.969        6264.250        6265.063        6266.719;
   835    7.393        6446.563        6236.906        6237.625        6239.125;
   836    7.402        6411.156        6209.594        6210.406        6211.719;
   837    7.411        6375.719        6182.188        6182.500        6183.094;
   838    7.420        6340.313        6154.531        6154.406        6154.813;
   839    7.429        6304.906        6126.469        6126.438        6126.563;
   840    7.438        6269.469        6098.125        6098.438        6099.094;
   841    7.446        6234.063        6069.563        6070.063        6070.813;
   842    7.455        6198.656        6041.125        6041.719        6042.781;
   843    7.464        6163.219        6012.625        6013.156        6014.375;
   844    7.473        6127.813        5984.188        5985.125        5986.656;
   845    7.482        6092.406        5955.813        5956.563        5958.125;
   846    7.491        6056.969        5927.250        5928.781        5930.844;
   847    7.499        6021.563        5898.500        5899.625        5901.281;
   848    7.508        5986.156        5869.594        5870.531        5871.969;
   849    7.517        5950.719        5840.844        5841.625        5843.063;
   850    7.526        5915.313        5812.094        5812.281        5813.250;
   851    7.535        5879.906        5783.438        5782.531        5782.781;
   852    7.544        5844.469        5754.938        5754.031        5754.156;
   853    7.553        5809.063        5726.688        5725.781        5726.094;
   854    7.561        5773.656        5698.500        5697.844        5698.469;
   855    7.570        5738.219        5670.281        5669.938        5671.188;
   856    7.579        5702.813        5641.938        5641.438        5642.750;
   857    7.588        5667.406        5613.375        5613.125        5614.781;
   858    7.597        5631.969        5584.594        5584.844        5586.750;
   859    7.606        5596.563        5555.750        5555.875        5557.875;
   860    7.615        5561.156        5526.781        5527.031        5529.094;
   861    7.623        5525.719        5498.031        5498.500        5500.531;
   862    7.632        5490.313        5469.500        5470.063        5472.219;
   863    7.641        5454.906        5441.219        5441.219        5442.906;
   864    7.650        5419.469        5413.063        5412.688        5413.844;
   865    7.659        5384.063        5384.844        5383.781        5384.125;
   866    7.668        5348.656        5356.531        5355.031        5355.125;
   867    7.677        5313.219        5328.156        5326.406        5326.281;
   868    7.685        5277.813        5300.031        5298.719        5299.313;
   869    7.694        5242.406        5272.000        5271.281        5271.875;
   870    7.703        5206.969        5244.219        5243.688        5244.563;
   871    7.712        5171.563        5216.625        5216.375        5217.719;
   872    7.721        5136.156        5189.250        5188.844        5190.188;
   873    7.730        5100.719        5162.063        5162.031        5163.625;
   874    7.739        5065.313        5134.875        5134.625        5136.219;
   875    7.747        5029.906        5107.563        5107.688        5109.469;
   876    7.756        4994.469        5080.063        5080.344        5081.938;
   877    7.765        4959.063        5052.406        5053.125        5054.594;
   878    7.774        4923.656        5024.781        5025.406        5026.406;
   879    7.783        4888.219        4997.313        4997.781        4998.469;
   880    7.792        4852.813        4970.188        4970.344        4970.594;
   881    7.801        4817.406        4943.438        4943.750        4943.969;
   882    7.809        4781.969        4916.969        4917.500        4918.000;
   883    7.818        4746.563        4890.688        4891.500        4892.375;
   884    7.827        4711.156        4864.656        4865.719        4866.969;
   885    7.836        4675.719        4838.438        4839.813        4841.313;
   886    7.845        4640.313        4812.250        4813.469        4815.250;
   887    7.854        4604.906        4785.781        4787.094        4788.969;
   888    7.863        4569.469        4759.313        4761.000        4763.188;
   889    7.871        4534.063        4732.813        4734.625        4737.000;
   890    7.880        4498.656        4706.344        4708.219        4710.625;
   891    7.889        4463.219        4680.000        4682.219        4684.500;
   892    7.898        4427.813        4653.594        4655.656        4657.625;
   893    7.907        4392.406        4627.625        4629.219        4630.875;
   894    7.916        4356.969        4601.375        4601.969        4602.938;
   895    7.924        4321.563        4575.000        4575.563        4576.188;
   896    7.933        4286.156        4548.438        4548.375        4548.781;
   897    7.942        4250.719        4521.594        4521.594        4521.719;
   898    7.951        4215.313        4494.719        4494.438        4494.750;
   899    7.960        4179.906        4467.844        4467.750        4468.375;
   900    7.969        4144.469        4441.000        4441.094        4441.719;
   901    7.978        4109.063        4414.281        4414.781        4415.969;
   902    7.986        4073.656        4388.000        4388.281        4389.531;
   903    7.995        4038.219        4361.563        4362.156        4363.625;
   904    8.004        4002.813        4335.156        4336.188        4337.875;
   905    8.013        3967.406        4308.594        4309.531        4311.375;
   906    8.022        3931.969        4281.719        4283.156        4284.969;
   907    8.031        3896.563        4254.844        4256.250        4257.719;
   908    8.040        3861.156        4227.813        4228.906        4230.000;
   909    8.048        3825.719        4200.625        4201.969        4202.875;
   910    8.057        3790.313        4173.500        4174.375        4174.906;
   911    8.066        3754.906        4146.469        4147.063        4147.281;
   912    8.075        3719.469        4119.563        4120.281        4120.188;
   913    8.084        3684.063        4092.563        4093.719        4094.094;
   914    8.093        3648.656        4065.500        4066.938        4067.563;
   915    8.102        3613.219        4038.281        4040.156        4040.813;
   916    8.110        3577.813        4011.094        4013.094        4014.125;
   917    8.119        3542.406        3983.813        3986.219        3987.688;
   918    8.128        3506.969        3956.438        3959.250        3960.813;
   919    8.137        3471.563        3929.094        3932.250        3933.813;
   920    8.146        3436.156        3901.750        3905.375        3907.125;
   921    8.155        3400.719        3874.781        3878.250        3880.313;
   922    8.164        3365.313        3847.875        3850.938        3852.938;
   923    8.172        3329.906        3820.875        3823.813        3825.469;
   924    8.181        3294.469        3793.719        3795.594        3796.625;
   925    8.190        3259.063        3766.281        3768.031        3768.625;
   926    8.199        3223.656        3738.656        3739.875        3740.281;
   927    8.208        3188.219        3710.719        3712.156        3712.656;
   928    8.217        3152.813        3682.625        3684.281        3685.344;
   929    8.226        3117.406        3654.656        3656.750        3658.156;
   930    8.234        3081.969        3626.781        3629.031        3630.906;
   931    8.243        3046.563        3599.250        3602.031        3604.156;
   932    8.252        3011.156        3571.969        3574.844        3577.094;
   933    8.261        2975.719        3544.656        3548.000        3550.406;
   934    8.270        2940.313        3517.094        3520.281        3522.656;
   935    8.279        2904.906        3489.188        3492.563        3495.406;
   936    8.288        2869.469        3460.906        3463.813        3466.250;
   937    8.296        2834.063        3432.375        3434.969        3437.563;
   938    8.305        2798.656        3403.750        3405.844        3408.313;
   939    8.314        2763.219        3375.031        3376.656        3378.594;
   940    8.323        2727.813        3346.281        3347.063        3348.625;
   941    8.332        2692.406        3317.563        3317.969        3319.250;
   942    8.341        2656.969        3289.000        3289.688        3291.219;
   943    8.349        2621.563        3260.125        3260.813        3262.719;
   944    8.358        2586.156        3230.906        3232.438        3234.813;
   945    8.367        2550.719        3201.500        3203.000        3205.594;
   946    8.376        2515.313        3172.000        3174.063        3177.125;
   947    8.385        2479.906        3142.281        3144.969        3148.188;
   948    8.394        2444.469        3112.906        3115.469        3119.156;
   949    8.403        2409.063        3083.688        3086.313        3090.281;
   950    8.411        2373.656        3054.625        3057.500        3061.469;
   951    8.420        2338.219        3025.813        3028.500        3032.344;
   952    8.429        2302.813        2997.063        2999.625        3003.250;
   953    8.438        2267.406        2968.094        2970.500        2973.906;
   954    8.447        2231.969        2938.750        2940.969        2944.188;
   955    8.456        2196.563        2909.188        2911.000        2914.063;
   956    8.465        2161.156        2879.531        2881.875        2884.969;
   957    8.473        2125.719        2849.875        2852.563        2856.063;
   958    8.482        2090.313        2820.344        2824.000        2827.938;
   959    8.491        2054.906        2791.000        2794.969        2799.219;
   960    8.500        2019.469        2761.938        2766.438        2771.031;
   961    8.509        1984.063        2732.844        2737.625        2742.031;
   962    8.518        1948.656        2703.781        2708.531        2713.094;
   963    8.527        1913.219        2674.500        2679.250        2683.688;
   964    8.535        1877.813        2645.313        2650.219        2654.594;
   965    8.544        1842.406        2616.406        2620.594        2624.281;
   966    8.553        1806.969        2587.813        2591.656        2595.063;
   967    8.562        1771.563        2559.625        2562.719        2565.656;
   968    8.571        1736.156        2531.656        2534.750        2537.781;
   969    8.580        1700.719        2504.000        2506.656        2509.375;
   970    8.589        1665.313        2476.406        2479.313        2482.188;
   971    8.597        1629.906        2448.656        2452.063        2455.344;
   972    8.606        1594.469        2420.813        2424.281        2427.625;
   973    8.615        1559.063        2392.688        2396.469        2400.094;
   974    8.624        1523.656        2364.656        2368.906        2372.625;
   975    8.633        1488.219        2336.563        2340.719        2344.688;
   976    8.642        1452.813        2308.750        2313.250        2317.344;
   977    8.651        1417.406        2281.063        2285.313        2289.594;
   978    8.659        1381.969        2253.688        2258.063        2262.594;
   979    8.668        1346.563        2226.656        2230.563        2234.938;
   980    8.677        1311.156        2199.625        2203.563        2207.406;
   981    8.686        1275.719        2172.563        2176.219        2179.406;
   982    8.695        1240.313        2145.344        2148.781        2151.844;
   983    8.704        1204.906        2117.969        2121.313        2123.875;
   984    8.713        1169.469        2090.594        2093.906        2096.625;
   985    8.721        1134.063        2063.219        2067.094        2070.188;
   986    8.730        1098.656        2035.969        2040.219        2043.750;
   987    8.739        1063.219        2008.844        2013.219        2017.125;
   988    8.748        1027.813        1981.844        1986.719        1991.031;
   989    8.757         992.406        1955.094        1960.000        1964.375;
   990    8.766         956.969        1928.219        1933.469        1938.656;
   991    8.774         921.563        1901.094        1906.188        1911.156;
   992    8.783         886.156        1873.594        1879.094        1884.375;
   993    8.792         850.719        1845.969        1851.219        1856.094;
   994    8.801         815.313        1818.469        1823.563        1828.063;
   995    8.810         779.906        1791.094        1795.688        1799.719;
   996    8.819         744.469        1763.969        1768.719        1772.594;
   997    8.828         709.063        1737.000        1741.281        1745.031;
   998    8.836         673.656        1710.188        1714.188        1717.844;
   999    8.845         638.219        1683.438        1687.563        1691.469;
  1000    8.854         602.813        1656.500        1660.781        1665.125;
  1001    8.863         567.406        1629.281        1634.063        1639.156;
  1002    8.872         531.969        1601.750        1606.594        1612.094;
  1003    8.881         496.563        1574.000        1579.094        1585.063;
  1004    8.890         461.156        1546.281        1551.313        1557.344;
  1005    8.898         425.719        1518.625        1523.875        1530.594;
  1006    8.907         390.313        1491.031        1496.219        1502.844;
  1007    8.916         354.906        1463.625        1468.875        1475.656;
  1008    8.925         319.469        1436.281        1441.250        1447.625;
  1009    8.934         284.063        1408.938        1413.844        1420.063;
  1010    8.943         248.656        1381.500        1386.719        1392.781;
  1011    8.952         213.219        1353.906        1358.781        1364.563;
  1012    8.960         177.813        1326.094        1330.531        1335.906;
  1013    8.969         142.406        1298.219        1302.250        1307.313;
  1014    8.978         106.969        1270.250        1274.688        1279.813;
  1015    8.987          71.563        1242.406        1246.719        1252.094;
  1016    8.996          36.156        1214.625        1219.563        1225.375;
  1017    9.005           0.969        1186.906        1192.219        1198.375;
  1018    9.014           0.000        1159.844        1165.125        1171.656;
  1019    9.022           0.000        1136.969        1141.531        1148.031;
  1020    9.031           0.000        1119.156        1124.031        1130.688;
  1021    9.040           0.000        1105.563        1110.188        1116.500;
  1022    9.049           0.000        1095.406        1100.156        1106.594;
  1023    9.058           0.000        1087.938        1092.594        1098.813;
  1024    9.067           0.000        1082.688        1087.156        1093.031;
  1025    9.076           0.000        1079.063        1083.438        1089.250;
  1026    9.084           0.000        1076.594        1081.125        1086.719;
  1027    9.093           0.000        1075.469        1079.500        1085.156;
  1028    9.102           0.000        1074.500        1078.500        1084.500;
  1029    9.111           0.000        1074.500        1078.500        1083.719;
  1030    9.120           0.000        1074.500        1078.500        1083.500;
  1031    9.129           0.000        1074.500        1078.500        1083.500;
  1032    9.138           0.000        1076.000        1078.500        1083.500;
  1033    9.146           0.000        1077.750        1080.000        1085.000;
  1034    9.155           0.000        1079.500        1081.281        1085.656;
  1035    9.164           0.000        1081.313        1082.844        1086.844;
  1036    9.173           0.000        1083.250        1084.313        1088.094;
  1037    9.182           0.000        1084.969        1085.906        1089.594;
  1038    9.191           0.000        1086.750        1087.469        1090.813;
  1039    9.199           0.000        1088.375        1088.750        1092.094;
  1040    9.208           0.000        1089.813        1090.031        1093.375;
  1041    9.217           0.000        1091.156        1091.250        1094.469;
  1042    9.226           0.000        1092.188        1092.219        1095.313;
  1043    9.235           0.000        1093.000        1092.938        1096.031;
  1044    9.244           0.000        1093.594        1093.469        1096.563;
  1045    9.253           0.000        1094.281        1094.094        1097.219;
  1046    9.261           0.000        1094.469        1094.469        1097.469;
  1047    9.270           0.000        1094.469        1094.469        1097.469;
  1048    9.279           0.000        1094.469        1094.469        1097.469;
  1049    9.288           0.000        1094.469        1094.469        1097.469;
  1050    9.297           0.000        1094.469        1094.469        1097.469;
  1051    9.306           0.000        1094.469        1094.469        1097.469;
  1052    9.315           0.000        1094.469        1094.469        1097.469;
  1053    9.323           0.000        1094.469        1094.469        1097.469;
  1054    9.332           0.000        1093.000        1094.469        1097.469;
  1055    9.341           0.000        1093.000        1094.469        1097.469;
  1056    9.350           0.000        1092.344        1093.000        1097.469;
  1057    9.359           0.000        1091.906        1093.000        1097.469;
  1058    9.368           0.000        1091.500        1093.000        1097.469;
  1059    9.377           0.000        1091.500        1093.000        1097.469;
  1060    9.385           0.000        1091.500        1093.000        1097.469;
  1061    9.394           0.000        1091.500        1093.000        1097.469;
  1062    9.403           0.000        1091.500        1093.000        1097.469;
  1063    9.412           0.000        1091.500        1093.000        1097.469;
  1064    9.421           0.000        1091.500        1093.000        1097.469;
  1065    9.430           0.000        1091.500        1093.000        1097.469;
  1066    9.439           0.000        1091.500        1093.000        1097.469;
  1067    9.447           0.000        1091.500        1093.000        1097.469;
  1068    9.456           0.000        1091.500        1093.000        1097.469;
  1069    9.465           0.000        1091.500        1093.000        1097.469;
  1070    9.474           0.000        1091.500        1093.000        1097.469;
  1071    9.483           0.000        1091.500        1093.000        1097.469;
  1072    9.492           0.000        1091.500        1093.000        1097.469;
  1073    9.501           0.000        1091.500        1093.000        1097.469;
  1074    9.509           0.000        1091.500        1093.000        1097.469;
  1075    9.518           0.000        1091.500        1093.000        1097.469;
  1076    9.527           0.000        1091.500        1093.000        1097.469;
  1077    9.536           0.000        1091.500        1093.000        1097.469;
  1078    9.545           0.000        1091.500        1093.000        1097.469;
  1079    9.554           0.000        1091.500        1093.000        1097.469;
  1080    9.563           0.000        1091.500        1093.000        1097.469;
  1081    9.571           0.000        1091.500        1093.000        1097.469;
  1082    9.580           0.000        1091.500        1093.000        1097.469;
  1083    9.589           0.000        1091.500        1093.000        1097.469;
  1084    9.598           0.000        1091.500        1093.000        1097.469;
  1085    9.607           0.000        1091.500        1093.000        1097.469;
  1086    9.616           0.000        1091.500        1093.000        1097.469;
  1087    9.624           0.000        1091.500        1093.000        1097.469;
  1088    9.633           0.000        1091.500        1093.000        1097.469;
  1089    9.642           0.000        1091.500        1093.000        1097.469;
  1090    9.651           0.000        1091.500        1093.000        1097.469;
  1091    9.660           0.000        1091.500        1093.000        1097.469;
  1092    9.669           0.000        1091.500        1093.000        1097.469;
  1093    9.678           0.000        1091.500        1093.000        1097.469;
  1094    9.686           0.000        1091.500        1093.000        1097.469;
  1095    9.695           0.000        1091.500        1093.000        1097.469;
  1096    9.704           0.000        1091.500        1093.000        1097.469;
  1097    9.713           0.000        1091.500        1093.000        1097.469;
  1098    9.722           0.000        1091.500        1093.000        1097.469;
  1099    9.731           0.000        1091.500        1093.000        1097.469;
  1100    9.740           0.000        1091.500        1093.000        1097.469;
  1101    9.748           0.000        1091.500        1093.000        1097.469;
  1102    9.757           0.000        1091.500        1093.000        1097.469;
  1103    9.766           0.000        1091.500        1093.000        1097.469;
  1104    9.775           0.000        1091.500        1093.000        1097.469;
  1105    9.784           0.000        1091.500        1093.000        1097.469;
  1106    9.793           0.000        1091.500        1093.000        1097.469;
  1107    9.802           0.000        1091.500        1093.000        1097.469;
  1108    9.810           0.000        1091.500        1093.000        1097.469;
  1109    9.819           0.000        1091.500        1093.000        1097.469;
  1110    9.828           0.000        1091.500        1093.000        1097.469;
  1111    9.837           0.000        1091.500        1093.000        1097.469;
  1112    9.846           0.000        1091.500        1093.000        1097.469;
  1113    9.855           0.000        1091.500        1093.000        1097.469;
  1114    9.864           0.000        1091.500        1093.000        1097.469;
  1115    9.872           0.000        1091.500        1093.000        1097.469;
  1116    9.881           0.000        1091.500        1093.000        1097.469;
  1117    9.890           0.000        1091.500        1093.000        1097.469;
  1118    9.899           0.000        1091.500        1093.000        1097.469;
  1119    9.908           0.000        1091.500        1093.000        1097.469;
  1120    9.917           0.000        1091.500        1093.000        1097.469;
  1121    9.926           0.000        1091.500        1093.000        1097.469;
  1122    9.934           0.000        1091.500        1093.000        1097.469;
  1123    9.943           0.000        1091.500        1093.000        1097.469;
  1124    9.952           0.000        1091.500        1093.000        1097.469;
  1125    9.961           0.000        1091.500        1093.000        1097.469;
  1126    9.970           0.000        1091.500        1093.000        1097.469;
  1127    9.979           0.000        1091.500        1093.000        1097.469;
  1128    9.988           0.000        1091.500        1093.000        1097.469;
  1129    9.996           0.000        1091.500        1093.000        1097.469]
