 Sample   Time     Commanded Pos   Encoder 1 Pos   Encoder 2 Pos   Encoder 3 Pos 

[    0    0.000           0.000           0.000           0.000           0.000;
     1    0.009          26.313           0.000           0.000           0.000;
     2    0.018          61.750          12.313           5.625           3.000;
     3    0.027          97.156          37.844          29.813          26.344;
     4    0.035         132.563          69.594          61.125          56.500;
     5    0.044         168.000         103.781          94.906          89.438;
     6    0.053         203.406         138.844         128.625         121.906;
     7    0.062         238.813         173.906         162.625         154.750;
     8    0.071         274.250         208.375         196.156         187.844;
     9    0.080         309.656         242.000         230.156         222.188;
    10    0.089         345.063         275.031         263.094         254.656;
    11    0.097         380.500         308.219         296.750         288.281;
    12    0.106         415.906         341.906         330.000         321.313;
    13    0.115         451.313         375.969         363.438         354.344;
    14    0.124         486.750         409.906         397.875         388.750;
    15    0.133         522.156         444.000         431.938         422.469;
    16    0.142         557.563         478.156         465.969         456.125;
    17    0.151         593.000         512.063         499.375         489.094;
    18    0.159         628.406         545.750         532.969         522.469;
    19    0.168         663.813         579.594         566.469         555.094;
    20    0.177         699.250         613.375         599.938         588.094;
    21    0.186         734.656         647.188         633.875         621.875;
    22    0.195         770.063         680.875         667.906         656.000;
    23    0.204         805.500         714.750         701.906         690.063;
    24    0.213         840.906         748.313         735.656         723.750;
    25    0.221         876.313         781.906         769.219         757.281;
    26    0.230         911.750         815.781         803.000         791.063;
    27    0.239         947.156         849.656         836.063         824.156;
    28    0.248         982.563         883.750         869.406         857.375;
    29    0.257        1018.000         917.781         902.813         890.375;
    30    0.266        1053.406         951.938         936.719         924.156;
    31    0.274        1088.813         985.781         970.625         958.094;
    32    0.283        1124.250        1019.688        1004.188         991.688;
    33    0.292        1159.656        1053.438        1037.813        1025.469;
    34    0.301        1195.063        1087.156        1071.500        1059.406;
    35    0.310        1230.500        1120.656        1105.219        1093.438;
    36    0.319        1265.906        1154.156        1138.969        1127.344;
    37    0.328        1301.313        1187.500        1172.375        1161.469;
    38    0.336        1336.750        1221.000        1205.875        1194.875;
    39    0.345        1372.156        1254.719        1239.594        1228.594;
    40    0.354        1407.563        1288.406        1273.000        1261.250;
    41    0.363        1443.000        1322.156        1306.469        1294.250;
    42    0.372        1478.406        1355.688        1339.469        1326.875;
    43    0.381        1513.813        1389.156        1372.875        1360.313;
    44    0.390        1549.250        1422.719        1406.188        1393.625;
    45    0.398        1584.656        1456.156        1439.563        1426.813;
    46    0.407        1620.063        1489.594        1473.438        1460.688;
    47    0.416        1655.500        1523.250        1506.969        1493.906;
    48    0.425        1690.906        1556.719        1540.719        1527.719;
    49    0.434        1726.313        1590.250        1574.438        1561.531;
    50    0.443        1761.750        1623.625        1607.875        1594.969;
    51    0.452        1797.156        1656.719        1640.781        1627.594;
    52    0.460        1832.563        1689.688        1673.344        1659.719;
    53    0.469        1868.000        1722.719        1705.938        1691.906;
    54    0.478        1903.406        1755.656        1738.250        1723.844;
    55    0.487        1938.813        1788.813        1770.906        1756.375;
    56    0.496        1974.250        1822.094        1803.750        1789.313;
    57    0.505        2009.656        1855.375        1836.844        1822.594;
    58    0.514        2045.063        1888.531        1870.250        1856.031;
    59    0.522        2080.500        1921.594        1903.594        1889.844;
    60    0.531        2115.906        1954.594        1936.781        1922.906;
    61    0.540        2151.313        1987.375        1970.000        1956.281;
    62    0.549        2186.750        2020.250        2002.688        1989.156;
    63    0.558        2222.156        2053.156        2035.156        2020.969;
    64    0.567        2257.563        2086.031        2067.625        2052.906;
    65    0.576        2293.000        2118.938        2099.844        2084.688;
    66    0.584        2328.406        2151.969        2132.594        2117.156;
    67    0.593        2363.813        2184.844        2165.563        2150.250;
    68    0.602        2399.250        2217.750        2198.344        2182.844;
    69    0.611        2434.656        2250.719        2231.625        2216.688;
    70    0.620        2470.063        2283.594        2264.281        2249.438;
    71    0.629        2505.500        2316.719        2298.469        2283.813;
    72    0.638        2540.906        2349.938        2331.938        2317.594;
    73    0.646        2576.313        2383.313        2366.063        2352.000;
    74    0.655        2611.750        2416.500        2399.406        2385.469;
    75    0.664        2647.156        2449.563        2433.188        2418.906;
    76    0.673        2682.563        2482.531        2465.188        2450.188;
    77    0.682        2718.000        2515.156        2498.313        2483.156;
    78    0.691        2753.406        2547.844        2530.281        2514.469;
    79    0.699        2788.813        2580.781        2563.188        2547.063;
    80    0.708        2824.250        2614.188        2596.031        2579.719;
    81    0.717        2859.656        2647.656        2629.500        2613.000;
    82    0.726        2895.063        2681.156        2663.063        2646.469;
    83    0.735        2930.500        2714.750        2696.813        2680.313;
    84    0.744        2965.906        2747.969        2730.469        2714.031;
    85    0.753        3001.313        2781.063        2763.844        2747.531;
    86    0.761        3036.750        2814.188        2796.750        2780.031;
    87    0.770        3072.156        2847.375        2829.688        2812.500;
    88    0.779        3107.563        2880.688        2862.156        2844.500;
    89    0.788        3143.000        2914.125        2895.188        2877.469;
    90    0.797        3178.406        2947.281        2927.813        2909.625;
    91    0.806        3213.813        2980.344        2960.656        2941.906;
    92    0.815        3249.250        3013.438        2993.563        2974.563;
    93    0.823        3284.656        3046.563        3026.563        3007.938;
    94    0.832        3320.063        3079.813        3059.500        3041.344;
    95    0.841        3355.500        3113.188        3093.500        3075.813;
    96    0.850        3390.906        3147.063        3127.563        3110.438;
    97    0.859        3426.313        3180.875        3162.031        3144.969;
    98    0.868        3461.750        3214.844        3196.281        3179.688;
    99    0.877        3497.156        3248.625        3230.281        3213.563;
   100    0.885        3532.563        3282.406        3263.281        3245.906;
   101    0.894        3568.000        3315.969        3296.625        3278.594;
   102    0.903        3603.406        3349.406        3330.156        3311.688;
   103    0.912        3638.813        3383.094        3363.469        3344.906;
   104    0.921        3674.250        3416.781        3396.813        3378.125;
   105    0.930        3709.656        3450.844        3431.250        3412.656;
   106    0.939        3745.063        3484.719        3464.813        3446.156;
   107    0.947        3780.500        3518.625        3499.594        3481.500;
   108    0.956        3815.906        3552.375        3533.844        3515.813;
   109    0.965        3851.313        3586.375        3569.063        3552.031;
   110    0.974        3886.750        3620.219        3602.125        3584.531;
   111    0.983        3922.156        3654.188        3635.688        3617.938;
   112    0.992        3957.563        3688.188        3668.938        3650.750;
   113    1.001        3993.000        3722.250        3702.719        3684.094;
   114    1.009        4028.406        3756.125        3736.250        3717.188;
   115    1.018        4063.813        3789.750        3770.219        3750.781;
   116    1.027        4099.250        3823.281        3803.344        3783.594;
   117    1.036        4134.656        3856.438        3836.719        3817.438;
   118    1.045        4170.063        3889.656        3870.188        3851.188;
   119    1.054        4205.500        3923.188        3904.063        3886.031;
   120    1.063        4240.906        3956.781        3938.094        3920.313;
   121    1.071        4276.313        3990.563        3972.125        3954.875;
   122    1.080        4311.750        4024.281        4005.000        3987.344;
   123    1.089        4347.156        4057.844        4038.125        4019.875;
   124    1.098        4382.563        4091.406        4071.094        4052.188;
   125    1.107        4418.000        4124.594        4103.969        4084.781;
   126    1.116        4453.406        4157.844        4137.094        4117.438;
   127    1.124        4488.813        4191.375        4170.469        4150.563;
   128    1.133        4524.250        4224.844        4203.594        4183.875;
   129    1.142        4559.656        4258.469        4237.063        4217.469;
   130    1.151        4595.063        4291.875        4270.906        4251.281;
   131    1.160        4630.500        4325.063        4304.594        4285.656;
   132    1.169        4665.906        4358.188        4338.688        4320.375;
   133    1.178        4701.313        4391.281        4371.906        4353.625;
   134    1.186        4736.750        4424.375        4404.719        4386.031;
   135    1.195        4772.156        4457.750        4437.281        4418.031;
   136    1.204        4807.563        4491.375        4470.938        4451.344;
   137    1.213        4843.000        4524.906        4504.063        4484.281;
   138    1.222        4878.406        4558.375        4537.313        4517.406;
   139    1.231        4913.813        4591.656        4570.313        4550.094;
   140    1.240        4949.250        4624.594        4603.469        4583.344;
   141    1.248        4984.656        4657.406        4636.188        4616.094;
   142    1.257        5020.063        4690.250        4669.594        4649.938;
   143    1.266        5055.500        4723.156        4702.875        4683.500;
   144    1.275        5090.906        4756.281        4737.250        4718.438;
   145    1.284        5126.313        4789.563        4770.844        4751.750;
   146    1.293        5161.750        4823.125        4804.406        4785.250;
   147    1.302        5197.156        4856.500        4837.125        4817.375;
   148    1.310        5232.563        4889.750        4870.656        4850.563;
   149    1.319        5268.000        4922.969        4902.938        4882.156;
   150    1.328        5303.406        4956.000        4935.594        4914.594;
   151    1.337        5338.813        4989.188        4968.688        4947.094;
   152    1.346        5374.250        5022.531        5002.156        4980.281;
   153    1.355        5409.656        5055.875        5035.375        5013.594;
   154    1.364        5445.063        5088.906        5068.438        5046.906;
   155    1.372        5480.500        5121.750        5102.000        5080.875;
   156    1.381        5515.906        5154.656        5135.063        5114.125;
   157    1.390        5551.313        5187.219        5167.844        5146.813;
   158    1.399        5586.750        5220.000        5200.156        5178.500;
   159    1.408        5622.156        5253.156        5233.250        5211.219;
   160    1.417        5657.563        5286.656        5265.875        5243.313;
   161    1.426        5693.000        5320.094        5299.094        5276.344;
   162    1.434        5728.406        5353.438        5331.906        5308.688;
   163    1.443        5763.813        5386.875        5365.250        5342.125;
   164    1.452        5799.250        5419.969        5398.063        5374.781;
   165    1.461        5834.656        5452.906        5431.031        5407.625;
   166    1.470        5870.063        5485.875        5464.906        5441.875;
   167    1.479        5905.500        5519.188        5499.063        5476.719;
   168    1.488        5940.906        5552.344        5532.719        5511.250;
   169    1.496        5976.313        5585.688        5566.281        5544.906;
   170    1.505        6011.750        5619.156        5599.594        5577.906;
   171    1.514        6047.156        5652.469        5632.375        5610.375;
   172    1.523        6082.563        5685.813        5665.250        5642.813;
   173    1.532        6118.000        5719.125        5698.063        5675.156;
   174    1.541        6153.406        5752.313        5730.969        5707.844;
   175    1.549        6188.813        5786.031        5764.531        5741.531;
   176    1.558        6224.250        5819.969        5798.531        5775.375;
   177    1.567        6259.656        5853.844        5832.406        5809.406;
   178    1.576        6295.063        5887.906        5867.063        5844.188;
   179    1.585        6330.500        5921.500        5901.375        5879.500;
   180    1.594        6365.906        5955.219        5935.281        5913.750;
   181    1.603        6401.313        5988.500        5968.406        5946.656;
   182    1.611        6436.750        6021.750        6000.875        5978.469;
   183    1.620        6472.156        6055.250        6034.469        6011.781;
   184    1.629        6507.563        6088.563        6067.406        6044.375;
   185    1.638        6543.000        6122.250        6100.563        6077.438;
   186    1.647        6578.406        6155.969        6134.000        6110.844;
   187    1.656        6613.813        6189.625        6167.750        6144.563;
   188    1.665        6649.250        6223.406        6201.844        6178.469;
   189    1.673        6684.656        6256.875        6235.625        6212.313;
   190    1.682        6720.063        6290.656        6270.031        6247.469;
   191    1.691        6755.500        6324.375        6304.375        6282.469;
   192    1.700        6790.906        6358.406        6339.563        6318.531;
   193    1.709        6826.313        6392.438        6374.219        6353.844;
   194    1.718        6861.750        6426.438        6407.438        6386.469;
   195    1.727        6897.156        6459.969        6440.688        6419.313;
   196    1.735        6932.563        6493.188        6473.719        6451.875;
   197    1.744        6968.000        6526.219        6506.875        6484.781;
   198    1.753        7003.406        6559.344        6539.469        6517.313;
   199    1.762        7038.813        6592.625        6572.375        6550.219;
   200    1.771        7074.250        6626.313        6605.938        6583.625;
   201    1.780        7109.656        6660.000        6639.938        6617.563;
   202    1.789        7145.063        6693.625        6674.344        6652.031;
   203    1.797        7180.500        6727.219        6708.313        6686.750;
   204    1.806        7215.906        6760.500        6742.531        6721.781;
   205    1.815        7251.313        6794.031        6776.406        6755.906;
   206    1.824        7286.750        6827.500        6809.344        6788.563;
   207    1.833        7322.156        6860.938        6842.750        6821.688;
   208    1.842        7357.563        6894.500        6875.844        6854.375;
   209    1.851        7393.000        6927.875        6909.594        6888.063;
   210    1.859        7428.406        6960.906        6942.344        6920.500;
   211    1.868        7463.813        6994.094        6976.063        6954.469;
   212    1.877        7499.250        7027.094        7008.844        6986.813;
   213    1.886        7534.656        7060.063        7042.219        7020.375;
   214    1.895        7570.063        7093.219        7075.125        7053.375;
   215    1.904        7605.500        7126.781        7109.313        7088.375;
   216    1.913        7640.906        7160.344        7143.000        7122.063;
   217    1.921        7676.313        7194.125        7177.063        7156.438;
   218    1.930        7711.750        7227.656        7210.531        7189.719;
   219    1.939        7747.156        7260.781        7243.344        7222.063;
   220    1.948        7782.563        7293.719        7276.188        7254.813;
   221    1.957        7818.000        7326.625        7308.750        7286.875;
   222    1.966        7853.406        7359.469        7341.063        7318.813;
   223    1.974        7888.813        7392.344        7373.188        7350.469;
   224    1.983        7924.250        7425.344        7405.656        7382.656;
   225    1.992        7959.656        7458.719        7439.219        7416.438;
   226    2.001        7995.063        7491.938        7472.063        7449.438;
   227    2.010        8030.500        7525.125        7506.438        7484.313;
   228    2.019        8065.906        7558.438        7539.969        7518.469;
   229    2.028        8101.313        7591.656        7573.781        7552.750;
   230    2.036        8136.750        7624.750        7606.375        7584.813;
   231    2.045        8172.156        7658.281        7640.156        7618.375;
   232    2.054        8207.563        7691.781        7673.031        7650.469;
   233    2.063        8243.000        7725.188        7706.469        7683.531;
   234    2.072        8278.406        7758.688        7739.469        7716.313;
   235    2.081        8313.813        7791.938        7772.375        7749.188;
   236    2.090        8349.250        7824.781        7804.750        7781.531;
   237    2.098        8384.656        7857.594        7837.344        7814.250;
   238    2.107        8420.063        7890.656        7870.313        7847.250;
   239    2.116        8455.500        7923.813        7904.313        7881.781;
   240    2.125        8490.906        7957.375        7939.156        7917.281;
   241    2.134        8526.313        7991.313        7973.719        7952.531;
   242    2.143        8561.750        8024.969        8007.188        7985.813;
   243    2.152        8597.156        8058.750        8041.156        8019.500;
   244    2.160        8632.563        8092.063        8074.313        8052.281;
   245    2.169        8668.000        8125.313        8107.031        8084.656;
   246    2.178        8703.406        8158.688        8140.156        8118.125;
   247    2.187        8738.813        8192.188        8173.219        8151.000;
   248    2.196        8774.250        8225.781        8206.375        8184.125;
   249    2.205        8809.656        8259.469        8239.656        8217.688;
   250    2.214        8845.063        8292.906        8273.844        8252.469;
   251    2.222        8880.500        8326.531        8308.781        8288.781;
   252    2.231        8915.906        8360.031        8342.688        8323.063;
   253    2.240        8951.313        8393.594        8376.781        8357.813;
   254    2.249        8986.750        8427.406        8411.063        8392.344;
   255    2.258        9022.156        8461.406        8444.563        8425.594;
   256    2.267        9057.563        8495.719        8478.813        8459.656;
   257    2.276        9093.000        8529.813        8512.188        8492.719;
   258    2.284        9128.406        8563.969        8545.406        8525.781;
   259    2.293        9163.813        8597.813        8578.594        8559.031;
   260    2.302        9199.250        8631.500        8611.625        8592.344;
   261    2.311        9234.656        8664.875        8644.531        8625.375;
   262    2.320        9270.063        8698.625        8678.313        8659.500;
   263    2.329        9305.500        8732.594        8713.250        8695.125;
   264    2.338        9340.906        8766.875        8748.375        8731.281;
   265    2.346        9376.313        8801.125        8783.000        8766.000;
   266    2.355        9411.750        8835.438        8817.344        8800.000;
   267    2.364        9447.156        8869.625        8851.344        8833.500;
   268    2.373        9482.563        8903.719        8885.188        8867.250;
   269    2.382        9518.000        8937.531        8919.094        8901.031;
   270    2.391        9553.406        8971.469        8952.844        8934.406;
   271    2.399        9588.813        9005.469        8986.531        8967.844;
   272    2.408        9624.250        9039.719        9020.125        9001.500;
   273    2.417        9659.656        9073.656        9054.281        9035.938;
   274    2.426        9695.063        9107.531        9089.313        9071.719;
   275    2.435        9730.500        9141.156        9123.625        9106.531;
   276    2.444        9765.906        9174.750        9158.250        9142.031;
   277    2.453        9801.313        9207.969        9192.375        9176.594;
   278    2.461        9836.750        9241.500        9225.938        9209.469;
   279    2.470        9872.156        9275.344        9259.594        9242.938;
   280    2.479        9907.563        9309.250        9293.063        9276.250;
   281    2.488        9943.000        9343.156        9326.656        9309.844;
   282    2.497        9978.406        9376.813        9359.969        9342.969;
   283    2.506       10013.813        9410.469        9393.125        9376.125;
   284    2.515       10049.250        9443.750        9426.219        9409.125;
   285    2.523       10084.656        9477.063        9459.313        9442.281;
   286    2.532       10120.063        9510.719        9492.906        9476.313;
   287    2.541       10155.500        9544.438        9527.625        9511.781;
   288    2.550       10190.906        9578.344        9562.906        9547.625;
   289    2.559       10226.313        9612.063        9597.625        9582.844;
   290    2.568       10261.750        9645.625        9631.125        9615.969;
   291    2.577       10297.156        9679.063        9664.250        9648.813;
   292    2.585       10332.563        9712.281        9697.031        9681.281;
   293    2.594       10368.000        9745.688        9729.969        9713.875;
   294    2.603       10403.406        9779.375        9762.969        9746.688;
   295    2.612       10438.813        9813.031        9795.781        9779.281;
   296    2.621       10474.250        9846.719        9829.219        9812.969;
   297    2.630       10509.656        9880.344        9862.969        9847.031;
   298    2.639       10545.063        9914.000        9896.531        9880.906;
   299    2.647       10580.500        9947.375        9931.344        9916.281;
   300    2.656       10615.906        9980.469        9965.188        9950.688;
   301    2.665       10651.313       10013.500        9998.781        9984.563;
   302    2.674       10686.750       10046.656       10032.313       10018.125;
   303    2.683       10722.156       10079.844       10064.531       10049.906;
   304    2.692       10757.563       10113.125       10097.531       10082.719;
   305    2.701       10793.000       10146.656       10130.781       10115.719;
   306    2.709       10828.406       10180.125       10163.875       10148.813;
   307    2.718       10863.813       10213.500       10196.625       10181.438;
   308    2.727       10899.250       10246.719       10229.781       10214.625;
   309    2.736       10934.656       10280.063       10263.219       10248.125;
   310    2.745       10970.063       10313.625       10297.938       10283.125;
   311    2.754       11005.500       10347.469       10332.125       10317.906;
   312    2.763       11040.906       10381.156       10366.969       10353.656;
   313    2.771       11076.313       10414.781       10401.156       10387.813;
   314    2.780       11111.750       10448.188       10434.281       10420.625;
   315    2.789       11147.156       10481.406       10467.281       10453.563;
   316    2.798       11182.563       10514.563       10499.469       10485.406;
   317    2.807       11218.000       10547.594       10531.563       10517.344;
   318    2.816       11253.406       10580.875       10564.406       10550.063;
   319    2.824       11288.813       10614.375       10598.000       10583.438;
   320    2.833       11324.250       10647.969       10631.531       10617.031;
   321    2.842       11359.656       10681.594       10666.438       10652.531;
   322    2.851       11395.063       10715.375       10700.344       10686.813;
   323    2.860       11430.500       10749.000       10735.375       10722.313;
   324    2.869       11465.906       10782.594       10770.281       10757.656;
   325    2.878       11501.313       10816.094       10804.594       10792.531;
   326    2.886       11536.750       10849.656       10838.094       10825.500;
   327    2.895       11572.156       10883.406       10872.219       10859.281;
   328    2.904       11607.563       10916.875       10905.250       10891.813;
   329    2.913       11643.000       10950.438       10938.594       10925.063;
   330    2.922       11678.406       10984.031       10971.281       10957.063;
   331    2.931       11713.813       11017.500       11003.813       10989.250;
   332    2.940       11749.250       11051.063       11037.375       11022.969;
   333    2.948       11784.656       11084.594       11070.031       11055.094;
   334    2.957       11820.063       11118.531       11105.313       11090.813;
   335    2.966       11855.500       11152.688       11140.625       11126.719;
   336    2.975       11890.906       11187.063       11175.719       11162.063;
   337    2.984       11926.313       11221.250       11211.063       11197.750;
   338    2.993       11961.750       11255.469       11245.281       11232.031;
   339    3.002       11997.156       11289.344       11279.344       11265.781;
   340    3.010       12032.563       11323.250       11312.531       11298.500;
   341    3.019       12068.000       11357.000       11345.406       11330.875;
   342    3.028       12103.406       11390.813       11378.594       11363.531;
   343    3.037       12138.813       11424.563       11411.938       11396.875;
   344    3.046       12174.250       11458.625       11445.875       11430.969;
   345    3.055       12209.656       11492.719       11480.000       11465.469;
   346    3.064       12245.063       11526.781       11515.313       11501.188;
   347    3.072       12280.500       11560.750       11550.125       11536.563;
   348    3.081       12315.906       11594.781       11585.000       11571.688;
   349    3.090       12351.313       11628.781       11619.156       11605.750;
   350    3.099       12386.750       11663.031       11653.656       11640.219;
   351    3.108       12422.156       11697.313       11687.531       11673.594;
   352    3.117       12457.563       11731.688       11721.906       11707.750;
   353    3.126       12493.000       11765.750       11755.344       11741.000;
   354    3.134       12528.406       11799.531       11788.719       11774.344;
   355    3.143       12563.813       11832.969       11821.063       11806.313;
   356    3.152       12599.250       11866.219       11854.719       11840.031;
   357    3.161       12634.656       11899.563       11888.781       11874.344;
   358    3.170       12670.063       11933.344       11923.375       11909.281;
   359    3.179       12705.500       11967.469       11958.281       11944.594;
   360    3.188       12740.906       12001.656       11993.313       11979.719;
   361    3.196       12776.313       12035.875       12027.969       12014.719;
   362    3.205       12811.750       12070.000       12061.969       12048.719;
   363    3.214       12847.156       12103.969       12095.094       12081.250;
   364    3.223       12882.563       12137.688       12128.688       12114.719;
   365    3.232       12918.000       12171.563       12161.469       12146.781;
   366    3.241       12953.406       12205.438       12195.438       12180.781;
   367    3.249       12988.813       12239.531       12229.094       12214.188;
   368    3.258       13024.250       12273.469       12263.375       12248.719;
   369    3.267       13059.656       12307.375       12297.656       12283.000;
   370    3.276       13095.063       12341.063       12332.250       12318.469;
   371    3.285       13130.500       12374.656       12366.594       12353.281;
   372    3.294       13165.906       12408.156       12400.969       12387.719;
   373    3.303       13201.313       12442.000       12435.000       12421.625;
   374    3.311       13236.750       12476.063       12468.750       12455.063;
   375    3.320       13272.156       12510.063       12502.344       12488.313;
   376    3.329       13307.563       12544.063       12535.531       12521.188;
   377    3.338       13343.000       12577.844       12568.781       12554.094;
   378    3.347       13378.406       12611.438       12602.000       12586.969;
   379    3.356       13413.813       12644.781       12635.188       12620.219;
   380    3.365       13449.250       12678.031       12668.063       12653.313;
   381    3.373       13484.656       12711.406       12701.688       12687.156;
   382    3.382       13520.063       12744.813       12735.563       12721.406;
   383    3.391       13555.500       12778.625       12769.875       12755.656;
   384    3.400       13590.906       12812.438       12804.250       12790.531;
   385    3.409       13626.313       12846.188       12838.375       12824.563;
   386    3.418       13661.750       12879.844       12872.281       12858.344;
   387    3.427       13697.156       12913.344       12905.719       12890.938;
   388    3.435       13732.563       12946.969       12939.281       12924.125;
   389    3.444       13768.000       12980.594       12972.656       12957.375;
   390    3.453       13803.406       13014.438       13006.156       12990.469;
   391    3.462       13838.813       13048.313       13040.063       13024.344;
   392    3.471       13874.250       13082.156       13074.938       13059.500;
   393    3.480       13909.656       13115.844       13109.281       13094.344;
   394    3.489       13945.063       13149.375       13143.469       13128.750;
   395    3.497       13980.500       13182.781       13178.094       13163.375;
   396    3.506       14015.906       13216.375       13211.656       13197.313;
   397    3.515       14051.313       13250.375       13245.750       13231.156;
   398    3.524       14086.750       13284.625       13280.063       13265.625;
   399    3.533       14122.156       13318.906       13313.938       13298.813;
   400    3.542       14157.563       13353.094       13347.438       13331.813;
   401    3.551       14193.000       13387.125       13380.719       13364.844;
   402    3.559       14228.406       13420.813       13414.094       13398.063;
   403    3.568       14263.813       13454.406       13447.750       13431.813;
   404    3.577       14299.250       13488.125       13482.188       13466.469;
   405    3.586       14334.656       13522.094       13516.250       13500.875;
   406    3.595       14370.063       13556.219       13550.625       13535.250;
   407    3.604       14405.500       13590.438       13585.531       13570.438;
   408    3.613       14440.906       13624.719       13619.750       13604.625;
   409    3.621       14476.313       13658.906       13654.000       13639.031;
   410    3.630       14511.750       13692.938       13687.750       13672.781;
   411    3.639       14547.156       13726.969       13721.156       13705.531;
   412    3.648       14582.563       13761.031       13754.375       13738.031;
   413    3.657       14618.000       13795.281       13787.844       13771.094;
   414    3.666       14653.406       13829.688       13822.531       13805.813;
   415    3.674       14688.813       13864.219       13857.344       13840.625;
   416    3.683       14724.250       13898.688       13892.250       13875.875;
   417    3.692       14759.656       13932.969       13927.063       13910.969;
   418    3.701       14795.063       13967.281       13961.719       13945.969;
   419    3.710       14830.500       14001.469       13995.906       13980.188;
   420    3.719       14865.906       14035.781       14030.188       14014.594;
   421    3.728       14901.313       14070.219       14064.688       14049.375;
   422    3.736       14936.750       14104.813       14098.813       14082.844;
   423    3.745       14972.156       14139.531       14133.063       14116.938;
   424    3.754       15007.563       14174.031       14166.813       14150.063;
   425    3.763       15043.000       14208.375       14201.469       14184.563;
   426    3.772       15078.406       14242.781       14235.469       14218.469;
   427    3.781       15113.813       14277.063       14270.219       14253.656;
   428    3.790       15149.250       14311.594       14304.781       14288.156;
   429    3.798       15184.656       14346.313       14339.938       14323.938;
   430    3.807       15220.063       14381.125       14374.938       14359.000;
   431    3.816       15255.500       14415.719       14409.375       14393.344;
   432    3.825       15290.906       14450.000       14443.344       14426.875;
   433    3.834       15326.313       14484.063       14476.688       14459.688;
   434    3.843       15361.750       14517.875       14510.438       14493.156;
   435    3.852       15397.156       14551.688       14543.344       14525.844;
   436    3.860       15432.563       14585.531       14576.625       14558.594;
   437    3.869       15468.000       14619.656       14610.719       14592.656;
   438    3.878       15503.406       14653.875       14644.781       14626.531;
   439    3.887       15538.813       14688.063       14679.000       14660.844;
   440    3.896       15574.250       14722.156       14713.125       14695.313;
   441    3.905       15609.656       14756.094       14747.063       14729.313;
   442    3.914       15645.063       14789.906       14780.594       14762.781;
   443    3.922       15680.500       14823.719       14813.750       14795.781;
   444    3.931       15715.906       14857.500       14847.031       14829.000;
   445    3.940       15751.313       14891.469       14880.906       14862.969;
   446    3.949       15786.750       14925.438       14914.531       14896.313;
   447    3.958       15822.156       14959.313       14947.906       14929.844;
   448    3.967       15857.563       14992.813       14981.500       14963.031;
   449    3.976       15893.000       15026.188       15014.938       14996.219;
   450    3.984       15928.406       15059.375       15048.688       15030.406;
   451    3.993       15963.813       15092.813       15082.406       15063.813;
   452    4.002       15999.063       15126.531       15116.063       15097.844;
   453    4.011       16000.000       15158.406       15149.969       15132.594;
   454    4.020       16000.000       15176.969       15170.531       15154.469;
   455    4.029       16000.000       15182.969       15175.469       15159.125;
   456    4.038       16000.000       15184.969       15177.250       15161.469;
   457    4.046       16000.000       15183.500       15177.469       15161.469;
   458    4.055       16000.000       15181.969       15176.000       15160.000;
   459    4.064       16000.000       15180.000       15173.906       15158.813;
   460    4.073       16000.000       15178.906       15173.031       15157.750;
   461    4.082       16000.000       15178.000       15172.500       15157.500;
   462    4.091       16000.000       15177.719       15172.219       15157.188;
   463    4.099       16000.000       15176.750       15171.719       15156.688;
   464    4.108       16000.000       15175.969       15170.875       15156.125;
   465    4.117       16000.000       15175.156       15170.125       15155.594;
   466    4.126       16000.000       15174.625       15169.500       15155.156;
   467    4.135       16000.000       15174.000       15169.125       15154.688;
   468    4.144       16000.000       15173.469       15168.563       15154.281;
   469    4.153       16000.000       15172.906       15168.188       15153.813;
   470    4.161       16000.000       15172.313       15167.688       15153.313;
   471    4.170       16000.000       15171.844       15167.281       15152.844;
   472    4.179       16000.000       15171.313       15166.813       15152.500;
   473    4.188       16000.000       15170.844       15166.469       15152.219;
   474    4.197       16000.000       15170.344       15166.063       15151.844;
   475    4.206       16000.000       15170.000       15165.625       15151.500;
   476    4.215       16000.000       15169.688       15165.500       15151.344;
   477    4.223       16000.000       15169.281       15165.156       15151.031;
   478    4.232       16000.000       15168.906       15164.844       15150.750;
   479    4.241       16000.000       15168.531       15164.500       15150.344;
   480    4.250       16000.000       15168.125       15164.188       15150.000;
   481    4.259       16000.000       15167.781       15163.875       15149.688;
   482    4.268       16000.000       15167.406       15163.563       15149.500;
   483    4.277       16000.000       15167.031       15163.406       15149.250;
   484    4.285       16000.000       15167.000       15163.125       15148.969;
   485    4.294       16000.000       15166.781       15162.844       15148.688;
   486    4.303       16000.000       15166.500       15162.563       15148.500;
   487    4.312       16000.000       15166.250       15162.500       15148.500;
   488    4.321       16000.000       15166.000       15162.469       15148.500;
   489    4.330       16000.000       15166.000       15162.281       15148.438;
   490    4.339       16000.000       15165.906       15162.094       15148.281;
   491    4.347       16000.000       15165.719       15161.906       15148.125;
   492    4.356       16000.000       15165.563       15161.719       15148.000;
   493    4.365       16000.000       15165.375       15161.531       15147.844;
   494    4.374       16000.000       15165.188       15161.500       15147.688;
   495    4.383       16000.000       15165.000       15161.500       15147.531;
   496    4.392       16000.000       15165.000       15161.500       15147.500;
   497    4.401       16000.000       15165.000       15161.500       15147.500;
   498    4.409       16000.000       15165.000       15161.500       15147.500;
   499    4.418       16000.000       15165.000       15161.500       15147.500;
   500    4.427       16000.000       15165.000       15161.500       15147.500;
   501    4.436       16000.000       15165.000       15161.500       15147.500;
   502    4.445       16000.000       15165.000       15161.500       15147.500;
   503    4.454       16000.000       15165.000       15161.500       15147.500;
   504    4.463       16000.000       15165.000       15161.500       15147.500;
   505    4.471       16000.000       15165.000       15161.500       15147.500;
   506    4.480       16000.000       15165.000       15161.500       15147.500;
   507    4.489       16000.000       15165.000       15161.500       15147.500;
   508    4.498       16000.000       15165.000       15161.500       15147.500;
   509    4.507       16000.000       15165.000       15161.500       15147.500;
   510    4.516       16000.000       15165.000       15161.500       15147.500;
   511    4.524       16000.000       15165.000       15161.500       15147.500;
   512    4.533       16000.000       15165.000       15161.500       15147.500;
   513    4.542       16000.000       15165.000       15161.500       15147.500;
   514    4.551       16000.000       15165.000       15161.500       15147.500;
   515    4.560       16000.000       15165.000       15161.500       15147.500;
   516    4.569       16000.000       15165.000       15161.500       15147.500;
   517    4.578       16000.000       15165.000       15161.500       15147.500;
   518    4.586       16000.000       15165.000       15161.500       15147.500;
   519    4.595       16000.000       15165.000       15161.500       15147.500;
   520    4.604       16000.000       15165.000       15161.500       15147.500;
   521    4.613       16000.000       15165.000       15161.500       15147.500;
   522    4.622       16000.000       15165.000       15161.500       15147.500;
   523    4.631       16000.000       15165.000       15161.500       15147.500;
   524    4.640       16000.000       15165.000       15161.500       15147.500;
   525    4.648       16000.000       15165.000       15161.500       15147.500;
   526    4.657       16000.000       15165.000       15161.500       15147.500;
   527    4.666       16000.000       15165.000       15161.500       15147.500;
   528    4.675       16000.000       15165.000       15161.500       15147.500;
   529    4.684       16000.000       15165.000       15161.500       15147.500;
   530    4.693       16000.000       15165.000       15161.500       15147.500;
   531    4.702       16000.000       15165.000       15161.500       15147.500;
   532    4.710       16000.000       15165.000       15161.500       15147.500;
   533    4.719       16000.000       15165.000       15161.500       15147.500;
   534    4.728       16000.000       15165.000       15161.500       15147.500;
   535    4.737       16000.000       15165.000       15161.500       15147.500;
   536    4.746       16000.000       15165.000       15161.500       15147.500;
   537    4.755       16000.000       15165.000       15161.500       15147.500;
   538    4.764       16000.000       15165.000       15161.500       15147.500;
   539    4.772       16000.000       15165.000       15161.500       15147.500;
   540    4.781       16000.000       15165.000       15161.500       15147.500;
   541    4.790       16000.000       15165.000       15161.500       15147.500;
   542    4.799       16000.000       15165.000       15161.500       15147.500;
   543    4.808       16000.000       15165.000       15161.500       15147.500;
   544    4.817       16000.000       15165.000       15161.500       15147.500;
   545    4.826       16000.000       15165.000       15161.500       15147.500;
   546    4.834       16000.000       15165.000       15161.500       15147.500;
   547    4.843       16000.000       15165.000       15161.500       15147.500;
   548    4.852       16000.000       15165.000       15161.500       15147.500;
   549    4.861       16000.000       15165.000       15161.500       15147.500;
   550    4.870       16000.000       15165.000       15161.500       15147.500;
   551    4.879       16000.000       15165.000       15161.500       15147.500;
   552    4.888       16000.000       15165.000       15161.500       15147.500;
   553    4.896       16000.000       15165.000       15161.500       15147.500;
   554    4.905       16000.000       15165.000       15161.500       15147.500;
   555    4.914       16000.000       15165.000       15161.500       15147.500;
   556    4.923       16000.000       15165.000       15161.500       15147.500;
   557    4.932       16000.000       15165.000       15161.500       15147.500;
   558    4.941       16000.000       15165.000       15161.500       15147.500;
   559    4.949       16000.000       15165.000       15161.500       15147.500;
   560    4.958       16000.000       15165.000       15161.500       15147.500;
   561    4.967       16000.000       15165.000       15161.500       15147.500;
   562    4.976       16000.000       15165.000       15161.500       15147.500;
   563    4.985       16000.000       15165.000       15161.500       15147.500;
   564    4.994       16000.000       15165.000       15161.500       15147.500;
   565    5.003       16000.000       15165.000       15161.500       15147.500;
   566    5.011       15973.656       15164.969       15161.469       15147.500;
   567    5.020       15938.219       15152.344       15153.844       15142.344;
   568    5.029       15902.813       15126.750       15128.500       15116.969;
   569    5.038       15867.406       15095.031       15097.375       15086.813;
   570    5.047       15831.969       15061.375       15062.906       15052.313;
   571    5.056       15796.563       15026.844       15029.844       15020.313;
   572    5.065       15761.156       14992.500       14995.750       14986.219;
   573    5.073       15725.719       14958.156       14962.125       14953.375;
   574    5.082       15690.313       14924.594       14928.938       14920.750;
   575    5.091       15654.906       14891.594       14896.344       14888.500;
   576    5.100       15619.469       14858.906       14863.813       14856.375;
   577    5.109       15584.063       14826.281       14831.500       14824.344;
   578    5.118       15548.656       14793.594       14799.219       14792.188;
   579    5.127       15513.219       14760.750       14767.188       14760.500;
   580    5.135       15477.813       14727.813       14734.219       14727.406;
   581    5.144       15442.406       14694.938       14701.719       14694.969;
   582    5.153       15406.969       14662.156       14669.219       14662.313;
   583    5.162       15371.563       14629.438       14636.469       14629.281;
   584    5.171       15336.156       14596.750       14603.875       14596.781;
   585    5.180       15300.719       14564.063       14571.344       14564.313;
   586    5.189       15265.313       14531.563       14538.813       14531.750;
   587    5.197       15229.906       14498.969       14507.250       14500.344;
   588    5.206       15194.469       14466.531       14475.000       14468.063;
   589    5.215       15159.063       14434.063       14443.031       14436.219;
   590    5.224       15123.656       14401.781       14411.344       14404.781;
   591    5.233       15088.219       14369.500       14379.688       14373.469;
   592    5.242       15052.813       14336.938       14347.750       14341.719;
   593    5.251       15017.406       14304.688       14315.781       14309.750;
   594    5.259       14981.969       14272.500       14283.219       14277.219;
   595    5.268       14946.563       14240.156       14250.844       14244.938;
   596    5.277       14911.156       14207.688       14218.281       14212.438;
   597    5.286       14875.719       14175.250       14185.500       14179.719;
   598    5.295       14840.313       14142.719       14153.313       14147.844;
   599    5.304       14804.906       14109.969       14121.063       14115.906;
   600    5.313       14769.469       14077.313       14089.156       14084.500;
   601    5.321       14734.063       14044.844       14057.031       14052.563;
   602    5.330       14698.656       14012.531       14025.438       14021.281;
   603    5.339       14663.219       13980.313       13993.250       13989.063;
   604    5.348       14627.813       13948.125       13961.219       13957.219;
   605    5.357       14592.406       13915.938       13929.094       13924.938;
   606    5.366       14556.969       13883.813       13896.656       13892.500;
   607    5.374       14521.563       13851.531       13864.313       13860.094;
   608    5.383       14486.156       13819.250       13831.875       13827.688;
   609    5.392       14450.719       13786.844       13799.156       13795.063;
   610    5.401       14415.313       13754.344       13766.563       13762.656;
   611    5.410       14379.906       13721.875       13734.250       13730.750;
   612    5.419       14344.469       13689.313       13702.125       13699.219;
   613    5.428       14309.063       13656.813       13670.031       13667.406;
   614    5.436       14273.656       13624.406       13637.656       13635.219;
   615    5.445       14238.219       13591.906       13605.500       13603.250;
   616    5.454       14202.813       13559.594       13572.719       13570.281;
   617    5.463       14167.406       13527.313       13540.313       13537.688;
   618    5.472       14131.969       13495.000       13507.625       13504.625;
   619    5.481       14096.563       13462.625       13475.438       13472.594;
   620    5.490       14061.156       13430.375       13442.750       13439.781;
   621    5.498       14025.719       13398.094       13410.156       13407.219;
   622    5.507       13990.313       13365.625       13377.563       13374.594;
   623    5.516       13954.906       13332.969       13345.063       13342.250;
   624    5.525       13919.469       13300.188       13312.906       13310.719;
   625    5.534       13884.063       13267.500       13280.656       13278.906;
   626    5.543       13848.656       13234.875       13248.406       13246.906;
   627    5.552       13813.219       13202.438       13215.781       13214.438;
   628    5.560       13777.813       13170.125       13183.625       13182.125;
   629    5.569       13742.406       13137.969       13151.000       13149.406;
   630    5.578       13706.969       13105.688       13118.000       13116.156;
   631    5.587       13671.563       13073.250       13085.281       13083.406;
   632    5.596       13636.156       13040.625       13052.031       13049.750;
   633    5.605       13600.719       13007.781       13018.344       13015.813;
   634    5.614       13565.313       12974.875       12985.250       12982.719;
   635    5.622       13529.906       12941.969       12952.531       12950.188;
   636    5.631       13494.469       12909.031       12920.281       12918.406;
   637    5.640       13459.063       12876.031       12887.594       12886.031;
   638    5.649       13423.656       12843.125       12855.313       12854.281;
   639    5.658       13388.219       12810.063       12822.281       12821.313;
   640    5.667       13352.813       12777.156       12788.813       12787.844;
   641    5.676       13317.406       12744.094       12755.281       12754.156;
   642    5.684       13281.969       12711.063       12721.438       12719.906;
   643    5.693       13246.563       12678.313       12688.313       12686.594;
   644    5.702       13211.156       12645.750       12655.469       12653.406;
   645    5.711       13175.719       12613.344       12623.063       12621.063;
   646    5.720       13140.313       12580.781       12590.875       12589.125;
   647    5.729       13104.906       12547.938       12558.531       12557.000;
   648    5.738       13069.469       12514.781       12526.156       12525.000;
   649    5.746       13034.063       12481.750       12493.531       12492.750;
   650    5.755       12998.656       12448.781       12461.094       12460.531;
   651    5.764       12963.219       12415.938       12428.438       12427.938;
   652    5.773       12927.813       12383.281       12395.781       12395.500;
   653    5.782       12892.406       12350.813       12362.750       12362.250;
   654    5.791       12856.969       12318.375       12329.656       12328.813;
   655    5.799       12821.563       12285.750       12296.531       12295.594;
   656    5.808       12786.156       12253.063       12263.313       12262.063;
   657    5.817       12750.719       12220.375       12231.000       12229.813;
   658    5.826       12715.313       12188.031       12198.750       12197.750;
   659    5.835       12679.906       12156.031       12167.438       12167.125;
   660    5.844       12644.469       12124.125       12135.719       12135.563;
   661    5.853       12609.063       12092.250       12104.844       12105.313;
   662    5.861       12573.656       12060.469       12072.969       12073.625;
   663    5.870       12538.219       12028.469       12041.375       12042.250;
   664    5.879       12502.813       11996.313       12009.313       12010.625;
   665    5.888       12467.406       11964.031       11976.344       11977.281;
   666    5.897       12431.969       11931.781       11943.469       11944.313;
   667    5.906       12396.563       11899.656       11910.375       11910.875;
   668    5.915       12361.156       11867.688       11877.906       11877.813;
   669    5.923       12325.719       11836.000       11845.469       11844.813;
   670    5.932       12290.313       11804.375       11813.469       11812.563;
   671    5.941       12254.906       11772.688       11782.688       11782.281;
   672    5.950       12219.469       11740.875       11751.906       11752.344;
   673    5.959       12184.063       11708.906       11720.406       11721.219;
   674    5.968       12148.656       11676.844       11688.844       11690.188;
   675    5.977       12113.219       11644.813       11656.906       11658.406;
   676    5.985       12077.813       11612.906       11625.781       11627.750;
   677    5.994       12042.406       11581.188       11593.531       11595.500;
   678    6.003       12006.969       11549.563       11562.031       11564.188;
   679    6.012       11971.563       11517.781       11529.500       11531.344;
   680    6.021       11936.156       11485.781       11497.063       11498.625;
   681    6.030       11900.719       11453.594       11464.250       11465.188;
   682    6.039       11865.313       11421.344       11432.250       11433.188;
   683    6.047       11829.906       11389.125       11400.406       11401.594;
   684    6.056       11794.469       11357.156       11368.906       11370.531;
   685    6.065       11759.063       11325.375       11337.844       11339.688;
   686    6.074       11723.656       11293.594       11307.000       11309.094;
   687    6.083       11688.219       11261.719       11275.625       11278.031;
   688    6.092       11652.813       11229.719       11243.750       11246.313;
   689    6.101       11617.406       11197.531       11211.688       11214.313;
   690    6.109       11581.969       11165.219       11178.719       11181.188;
   691    6.118       11546.563       11132.813       11145.438       11147.719;
   692    6.127       11511.156       11100.500       11112.094       11114.063;
   693    6.136       11475.719       11068.313       11079.219       11080.969;
   694    6.145       11440.313       11036.281       11046.125       11047.219;
   695    6.154       11404.906       11004.313       11014.938       11016.563;
   696    6.163       11369.469       10972.156       10982.875       10984.563;
   697    6.171       11334.063       10939.875       10951.313       10953.688;
   698    6.180       11298.656       10907.469       10919.656       10922.656;
   699    6.189       11263.219       10875.125       10887.531       10890.750;
   700    6.198       11227.813       10842.875       10855.125       10858.563;
   701    6.207       11192.406       10810.750       10822.406       10825.781;
   702    6.216       11156.969       10778.688       10789.844       10793.031;
   703    6.224       11121.563       10746.688       10757.500       10760.688;
   704    6.233       11086.156       10714.625       10724.063       10726.594;
   705    6.242       11050.719       10682.250       10691.063       10693.125;
   706    6.251       11015.313       10649.781       10658.000       10659.781;
   707    6.260       10979.906       10617.156       10625.250       10627.094;
   708    6.269       10944.469       10584.813       10592.500       10594.531;
   709    6.278       10909.063       10552.406       10560.750       10563.375;
   710    6.286       10873.656       10519.969       10528.438       10531.219;
   711    6.295       10838.219       10487.656       10497.063       10500.063;
   712    6.304       10802.813       10455.500       10464.875       10467.875;
   713    6.313       10767.406       10423.313       10432.625       10435.875;
   714    6.322       10731.969       10390.813       10399.813       10403.125;
   715    6.331       10696.563       10358.031       10366.656       10370.188;
   716    6.340       10661.156       10325.031       10333.281       10336.313;
   717    6.348       10625.719       10292.031       10298.875       10300.938;
   718    6.357       10590.313       10259.125       10265.344       10267.219;
   719    6.366       10554.906       10226.156       10232.594       10234.406;
   720    6.375       10519.469       10193.531       10199.938       10201.844;
   721    6.384       10484.063       10160.781       10167.781       10170.125;
   722    6.393       10448.656       10127.750       10135.094       10137.781;
   723    6.402       10413.219       10094.625       10102.438       10105.438;
   724    6.410       10377.813       10061.500       10069.281       10072.188;
   725    6.419       10342.406       10028.500       10036.500       10039.625;
   726    6.428       10306.969        9995.750       10003.750       10007.000;
   727    6.437       10271.563        9963.219        9970.688        9973.531;
   728    6.446       10236.156        9930.688        9937.094        9939.594;
   729    6.455       10200.719        9898.000        9903.531        9905.438;
   730    6.464       10165.313        9865.125        9870.125        9871.563;
   731    6.472       10129.906        9831.875        9836.813        9837.750;
   732    6.481       10094.469        9798.563        9804.375        9805.688;
   733    6.490       10059.063        9765.375        9771.563        9773.000;
   734    6.499       10023.656        9732.406        9739.656        9741.563;
   735    6.508        9988.219        9699.750        9707.344        9709.438;
   736    6.517        9952.813        9667.344        9675.406        9677.625;
   737    6.526        9917.406        9634.813        9643.406        9645.719;
   738    6.534        9881.969        9602.250        9611.000        9613.469;
   739    6.543        9846.563        9569.750        9578.156        9580.875;
   740    6.552        9811.156        9537.438        9545.250        9548.000;
   741    6.561        9775.719        9505.281        9511.906        9513.938;
   742    6.570        9740.313        9473.094        9479.313        9480.813;
   743    6.579        9704.906        9441.000        9447.031        9448.063;
   744    6.588        9669.469        9408.938        9415.375        9416.750;
   745    6.596        9634.063        9376.813        9383.625        9385.438;
   746    6.605        9598.656        9344.531        9352.125        9354.406;
   747    6.614        9563.219        9312.281        9320.063        9322.500;
   748    6.623        9527.813        9279.969        9287.906        9290.594;
   749    6.632        9492.406        9247.656        9255.625        9258.344;
   750    6.641        9456.969        9215.500        9223.406        9226.031;
   751    6.649        9421.563        9183.625        9191.125        9193.594;
   752    6.658        9386.156        9151.906        9158.813        9160.875;
   753    6.667        9350.719        9120.188        9126.469        9128.188;
   754    6.676        9315.313        9088.344        9093.531        9094.563;
   755    6.685        9279.906        9056.344        9061.375        9062.000;
   756    6.694        9244.469        9024.250        9029.281        9030.063;
   757    6.703        9209.063        8991.938        8997.094        8997.938;
   758    6.711        9173.656        8959.719        8964.875        8965.875;
   759    6.720        9138.219        8927.625        8933.188        8934.469;
   760    6.729        9102.813        8895.781        8901.219        8902.594;
   761    6.738        9067.406        8863.969        8869.313        8870.750;
   762    6.747        9031.969        8831.906        8836.531        8837.500;
   763    6.756        8996.563        8799.719        8804.094        8805.219;
   764    6.765        8961.156        8767.406        8771.188        8772.281;
   765    6.773        8925.719        8735.125        8737.813        8738.500;
   766    6.782        8890.313        8702.938        8704.625        8704.656;
   767    6.791        8854.906        8670.906        8671.625        8671.000;
   768    6.800        8819.469        8639.063        8639.719        8639.031;
   769    6.809        8784.063        8607.219        8608.469        8608.063;
   770    6.818        8748.656        8575.031        8577.156        8577.281;
   771    6.827        8713.219        8542.844        8545.531        8545.844;
   772    6.835        8677.813        8510.688        8513.750        8514.156;
   773    6.844        8642.406        8478.344        8481.875        8482.531;
   774    6.853        8606.969        8446.063        8449.938        8450.719;
   775    6.862        8571.563        8413.938        8418.031        8418.906;
   776    6.871        8536.156        8381.969        8385.500        8386.313;
   777    6.880        8500.719        8350.031        8353.281        8353.656;
   778    6.889        8465.313        8318.094        8320.500        8320.063;
   779    6.897        8429.906        8286.000        8288.219        8287.406;
   780    6.906        8394.469        8253.813        8254.906        8253.250;
   781    6.915        8359.063        8221.438        8222.781        8220.813;
   782    6.924        8323.656        8189.156        8191.375        8189.563;
   783    6.933        8288.219        8157.063        8159.750        8158.063;
   784    6.942        8252.813        8125.281        8128.625        8127.219;
   785    6.951        8217.406        8093.563        8097.031        8095.469;
   786    6.959        8181.969        8061.750        8065.375        8063.750;
   787    6.968        8146.563        8029.656        8033.125        8031.781;
   788    6.977        8111.156        7997.344        8000.594        7999.344;
   789    6.986        8075.719        7964.875        7967.469        7965.750;
   790    6.995        8040.313        7932.375        7934.500        7932.594;
   791    7.004        8004.906        7899.938        7901.250        7898.594;
   792    7.013        7969.469        7867.563        7868.250        7865.000;
   793    7.021        7934.063        7835.500        7836.219        7832.688;
   794    7.030        7898.656        7803.469        7805.063        7801.875;
   795    7.039        7863.219        7771.344        7773.281        7770.063;
   796    7.048        7827.813        7738.938        7740.938        7737.656;
   797    7.057        7792.406        7706.250        7708.906        7705.906;
   798    7.066        7756.969        7673.563        7675.938        7672.719;
   799    7.074        7721.563        7640.750        7643.188        7640.125;
   800    7.083        7686.156        7607.969        7610.000        7607.125;
   801    7.092        7650.719        7575.344        7576.625        7573.313;
   802    7.101        7615.313        7542.688        7543.156        7539.375;
   803    7.110        7579.906        7509.844        7509.844        7505.563;
   804    7.119        7544.469        7476.719        7476.094        7471.125;
   805    7.128        7509.063        7443.375        7443.469        7439.063;
   806    7.136        7473.656        7410.000        7410.250        7406.188;
   807    7.145        7438.219        7376.781        7377.500        7373.531;
   808    7.154        7402.813        7343.750        7344.969        7341.156;
   809    7.163        7367.406        7311.188        7313.250        7309.875;
   810    7.172        7331.969        7278.875        7281.250        7278.156;
   811    7.181        7296.563        7246.344        7248.594        7245.594;
   812    7.190        7261.156        7213.469        7215.531        7212.563;
   813    7.198        7225.719        7180.250        7182.000        7179.031;
   814    7.207        7190.313        7146.844        7148.594        7145.406;
   815    7.216        7154.906        7113.719        7115.063        7111.813;
   816    7.225        7119.469        7080.688        7081.875        7078.906;
   817    7.234        7084.063        7047.594        7049.031        7046.125;
   818    7.243        7048.656        7014.719        7017.000        7014.469;
   819    7.252        7013.219        6981.969        6984.844        6982.563;
   820    7.260        6977.813        6949.125        6952.250        6950.188;
   821    7.269        6942.406        6916.281        6919.469        6917.469;
   822    7.278        6906.969        6883.469        6886.531        6884.688;
   823    7.287        6871.563        6850.781        6854.156        6852.594;
   824    7.296        6836.156        6818.406        6821.500        6820.000;
   825    7.305        6800.719        6786.125        6789.250        6787.719;
   826    7.314        6765.313        6754.000        6756.875        6755.281;
   827    7.322        6729.906        6721.875        6723.750        6721.094;
   828    7.331        6694.469        6689.438        6690.625        6687.438;
   829    7.340        6659.063        6656.781        6657.125        6653.500;
   830    7.349        6623.656        6623.969        6624.625        6621.281;
   831    7.358        6588.219        6591.250        6592.500        6589.500;
   832    7.367        6552.813        6558.750        6560.438        6557.844;
   833    7.376        6517.406        6526.469        6528.594        6526.375;
   834    7.384        6481.969        6494.406        6496.656        6494.719;
   835    7.393        6446.563        6462.438        6464.563        6462.781;
   836    7.402        6411.156        6430.469        6432.313        6430.438;
   837    7.411        6375.719        6398.375        6400.063        6398.156;
   838    7.420        6340.313        6366.063        6367.406        6365.375;
   839    7.429        6304.906        6333.625        6334.594        6332.438;
   840    7.438        6269.469        6301.188        6301.031        6297.719;
   841    7.446        6234.063        6268.844        6268.188        6264.281;
   842    7.455        6198.656        6236.656        6236.094        6232.375;
   843    7.464        6163.219        6204.500        6204.594        6201.719;
   844    7.473        6127.813        6172.250        6172.313        6169.438;
   845    7.482        6092.406        6139.688        6140.438        6138.125;
   846    7.491        6056.969        6106.906        6107.906        6105.719;
   847    7.499        6021.563        6074.063        6075.156        6073.156;
   848    7.508        5986.156        6041.469        6042.469        6040.594;
   849    7.517        5950.719        6009.031        6009.906        6008.188;
   850    7.526        5915.313        5976.750        5977.094        5975.125;
   851    7.535        5879.906        5944.531        5944.500        5942.219;
   852    7.544        5844.469        5911.938        5911.531        5908.563;
   853    7.553        5809.063        5879.094        5877.500        5873.594;
   854    7.561        5773.656        5846.125        5844.781        5841.000;
   855    7.570        5738.219        5813.188        5812.219        5808.438;
   856    7.579        5702.813        5780.250        5779.844        5776.156;
   857    7.588        5667.406        5747.438        5747.281        5743.844;
   858    7.597        5631.969        5714.844        5714.906        5711.438;
   859    7.606        5596.563        5682.344        5682.438        5679.156;
   860    7.615        5561.156        5649.906        5649.875        5646.781;
   861    7.623        5525.719        5617.188        5617.406        5614.406;
   862    7.632        5490.313        5584.344        5584.188        5581.000;
   863    7.641        5454.906        5551.344        5550.625        5547.125;
   864    7.650        5419.469        5518.469        5517.313        5513.156;
   865    7.659        5384.063        5485.625        5483.750        5478.563;
   866    7.668        5348.656        5452.906        5451.000        5445.813;
   867    7.677        5313.219        5420.281        5418.375        5413.563;
   868    7.685        5277.813        5387.594        5386.313        5382.031;
   869    7.694        5242.406        5354.719        5354.000        5350.250;
   870    7.703        5206.969        5321.813        5321.219        5317.750;
   871    7.712        5171.563        5288.813        5288.438        5285.281;
   872    7.721        5136.156        5255.750        5255.969        5253.219;
   873    7.730        5100.719        5222.938        5223.250        5220.781;
   874    7.739        5065.313        5190.344        5190.813        5188.656;
   875    7.747        5029.906        5157.875        5158.281        5156.125;
   876    7.756        4994.469        5125.344        5125.844        5123.469;
   877    7.765        4959.063        5092.656        5092.875        5089.719;
   878    7.774        4923.656        5059.656        5059.219        5055.531;
   879    7.783        4888.219        5026.313        5026.031        5022.344;
   880    7.792        4852.813        4993.094        4993.219        4989.813;
   881    7.801        4817.406        4959.719        4959.781        4956.750;
   882    7.809        4781.969        4926.563        4926.719        4924.094;
   883    7.818        4746.563        4893.594        4894.031        4891.781;
   884    7.827        4711.156        4860.594        4861.094        4858.813;
   885    7.836        4675.719        4827.438        4828.563        4826.563;
   886    7.845        4640.313        4794.000        4794.625        4792.031;
   887    7.854        4604.906        4760.750        4761.188        4758.813;
   888    7.863        4569.469        4727.438        4727.531        4724.563;
   889    7.871        4534.063        4694.406        4693.500        4689.906;
   890    7.880        4498.656        4661.563        4660.313        4656.156;
   891    7.889        4463.219        4628.750        4627.688        4623.781;
   892    7.898        4427.813        4595.906        4595.063        4591.750;
   893    7.907        4392.406        4562.844        4562.156        4559.344;
   894    7.916        4356.969        4529.594        4528.875        4526.125;
   895    7.924        4321.563        4496.219        4496.063        4493.656;
   896    7.933        4286.156        4462.750        4462.781        4460.500;
   897    7.942        4250.719        4429.563        4429.656        4427.500;
   898    7.951        4215.313        4396.438        4396.844        4394.563;
   899    7.960        4179.906        4363.531        4363.938        4361.563;
   900    7.969        4144.469        4330.750        4330.313        4327.344;
   901    7.978        4109.063        4297.938        4296.625        4293.063;
   902    7.986        4073.656        4264.906        4263.063        4258.844;
   903    7.995        4038.219        4231.781        4229.938        4225.750;
   904    8.004        4002.813        4198.844        4197.563        4193.875;
   905    8.013        3967.406        4166.094        4165.406        4162.094;
   906    8.022        3931.969        4133.500        4133.000        4129.906;
   907    8.031        3896.563        4101.000        4100.594        4097.781;
   908    8.040        3861.156        4068.531        4068.219        4065.375;
   909    8.048        3825.719        4035.938        4035.625        4032.813;
   910    8.057        3790.313        4003.125        4003.313        4000.875;
   911    8.066        3754.906        3970.063        3970.531        3967.938;
   912    8.075        3719.469        3937.219        3937.500        3934.750;
   913    8.084        3684.063        3904.563        3904.625        3901.250;
   914    8.093        3648.656        3872.219        3872.063        3868.219;
   915    8.102        3613.219        3840.125        3840.188        3836.469;
   916    8.110        3577.813        3808.156        3808.656        3805.375;
   917    8.119        3542.406        3776.156        3777.000        3774.063;
   918    8.128        3506.969        3743.938        3745.031        3742.656;
   919    8.137        3471.563        3711.563        3712.656        3710.469;
   920    8.146        3436.156        3679.063        3680.344        3678.281;
   921    8.155        3400.719        3646.563        3648.281        3646.469;
   922    8.164        3365.313        3614.094        3616.000        3614.313;
   923    8.172        3329.906        3581.781        3583.813        3581.969;
   924    8.181        3294.469        3549.594        3551.375        3549.063;
   925    8.190        3259.063        3517.344        3518.313        3515.438;
   926    8.199        3223.656        3484.938        3485.250        3481.781;
   927    8.208        3188.219        3452.313        3452.313        3448.500;
   928    8.217        3152.813        3419.563        3418.969        3414.781;
   929    8.226        3117.406        3386.781        3386.750        3383.094;
   930    8.234        3081.969        3354.156        3353.781        3350.156;
   931    8.243        3046.563        3321.875        3322.219        3319.313;
   932    8.252        3011.156        3289.656        3289.875        3287.156;
   933    8.261        2975.719        3257.406        3257.938        3255.438;
   934    8.270        2940.313        3224.969        3225.656        3223.406;
   935    8.279        2904.906        3192.375        3193.375        3191.156;
   936    8.288        2869.469        3159.563        3160.531        3157.938;
   937    8.296        2834.063        3126.781        3127.656        3124.563;
   938    8.305        2798.656        3094.031        3095.031        3091.656;
   939    8.314        2763.219        3061.531        3061.844        3057.906;
   940    8.323        2727.813        3028.969        3029.219        3024.844;
   941    8.332        2692.406        2996.438        2997.375        2993.438;
   942    8.341        2656.969        2963.781        2965.063        2961.594;
   943    8.349        2621.563        2930.969        2932.531        2929.313;
   944    8.358        2586.156        2898.094        2900.344        2897.688;
   945    8.367        2550.719        2865.406        2867.813        2865.281;
   946    8.376        2515.313        2832.719        2835.594        2833.188;
   947    8.385        2479.906        2800.219        2803.031        2800.844;
   948    8.394        2444.469        2767.688        2770.563        2768.594;
   949    8.403        2409.063        2735.219        2737.500        2735.594;
   950    8.411        2373.656        2702.563        2703.875        2701.188;
   951    8.420        2338.219        2669.688        2670.375        2667.281;
   952    8.429        2302.813        2636.594        2636.969        2633.781;
   953    8.438        2267.406        2603.375        2604.125        2601.188;
   954    8.447        2231.969        2570.219        2571.594        2569.063;
   955    8.456        2196.563        2537.500        2539.031        2536.969;
   956    8.465        2161.156        2504.938        2506.969        2505.375;
   957    8.473        2125.719        2472.531        2474.906        2473.594;
   958    8.482        2090.313        2439.875        2442.313        2441.094;
   959    8.491        2054.906        2406.875        2409.438        2408.500;
   960    8.500        2019.469        2373.625        2375.719        2374.813;
   961    8.509        1984.063        2340.125        2341.625        2340.719;
   962    8.518        1948.656        2306.594        2308.000        2307.031;
   963    8.527        1913.219        2273.375        2273.531        2271.938;
   964    8.535        1877.813        2240.250        2239.781        2237.750;
   965    8.544        1842.406        2207.000        2206.344        2204.219;
   966    8.553        1806.969        2173.750        2173.531        2171.906;
   967    8.562        1771.563        2140.156        2140.594        2139.469;
   968    8.571        1736.156        2106.281        2107.031        2106.281;
   969    8.580        1700.719        2072.688        2073.594        2073.250;
   970    8.589        1665.313        2038.969        2040.438        2040.500;
   971    8.597        1629.906        2005.625        2007.063        2007.531;
   972    8.606        1594.469        1972.375        1974.125        1974.906;
   973    8.615        1559.063        1939.281        1940.938        1941.438;
   974    8.624        1523.656        1906.094        1907.656        1907.906;
   975    8.633        1488.219        1872.813        1873.969        1874.156;
   976    8.642        1452.813        1839.063        1839.906        1839.719;
   977    8.651        1417.406        1805.281        1805.750        1805.438;
   978    8.659        1381.969        1771.438        1772.563        1772.531;
   979    8.668        1346.563        1737.875        1740.063        1740.531;
   980    8.677        1311.156        1704.594        1707.219        1708.031;
   981    8.686        1275.719        1671.406        1674.594        1675.719;
   982    8.695        1240.313        1638.219        1641.531        1643.063;
   983    8.704        1204.906        1604.875        1608.156        1609.594;
   984    8.713        1169.469        1571.313        1574.594        1575.844;
   985    8.721        1134.063        1537.906        1541.094        1541.906;
   986    8.730        1098.656        1504.844        1507.281        1507.594;
   987    8.739        1063.219        1472.094        1473.969        1474.000;
   988    8.748        1027.813        1439.375        1441.000        1440.750;
   989    8.757         992.406        1406.844        1408.281        1407.906;
   990    8.766         956.969        1374.125        1375.719        1375.500;
   991    8.774         921.563        1341.188        1343.313        1343.656;
   992    8.783         886.156        1308.000        1310.000        1310.406;
   993    8.792         850.719        1274.813        1277.563        1278.438;
   994    8.801         815.313        1241.844        1244.563        1245.500;
   995    8.810         779.906        1209.063        1212.094        1213.188;
   996    8.819         744.469        1176.500        1179.344        1180.500;
   997    8.828         709.063        1144.125        1146.938        1148.188;
   998    8.836         673.656        1111.563        1113.938        1114.938;
   999    8.845         638.219        1079.000        1081.250        1081.625;
  1000    8.854         602.813        1046.281        1048.188        1048.031;
  1001    8.863         567.406        1013.438        1015.281        1014.969;
  1002    8.872         531.969         980.594         982.781         982.781;
  1003    8.881         496.563         947.906         950.625         951.219;
  1004    8.890         461.156         915.375         918.281         919.281;
  1005    8.898         425.719         882.938         886.281         887.813;
  1006    8.907         390.313         850.500         854.188         856.125;
  1007    8.916         354.906         817.906         821.500         823.531;
  1008    8.925         319.469         784.906         788.781         791.063;
  1009    8.934         284.063         751.781         755.313         757.031;
  1010    8.943         248.656         718.844         722.063         723.688;
  1011    8.952         213.219         686.219         689.188         690.625;
  1012    8.960         177.813         653.813         656.531         657.813;
  1013    8.969         142.406         621.500         623.813         624.625;
  1014    8.978         106.969         589.094         591.469         592.469;
  1015    8.987          71.563         556.469         559.313         561.031;
  1016    8.996          36.156         523.531         526.688         529.094;
  1017    9.005           0.969         490.375         493.563         496.500;
  1018    9.014           0.000         459.469         461.500         464.406;
  1019    9.022           0.000         442.000         441.500         443.031;
  1020    9.031           0.000         436.000         437.500         439.500;
  1021    9.040           0.000         436.000         436.500         438.500;
  1022    9.049           0.000         438.969         438.000         438.500;
  1023    9.058           0.000         440.969         440.313         441.063;
  1024    9.067           0.000         443.531         442.719         443.063;
  1025    9.076           0.000         445.500         444.250         444.469;
  1026    9.084           0.000         447.438         445.938         445.906;
  1027    9.093           0.000         449.000         447.438         447.094;
  1028    9.102           0.000         450.719         448.719         448.375;
  1029    9.111           0.000         452.125         450.156         449.656;
  1030    9.120           0.000         453.688         451.406         450.625;
  1031    9.129           0.000         455.031         452.500         451.781;
  1032    9.138           0.000         456.344         453.750         452.875;
  1033    9.146           0.000         457.563         454.969         454.063;
  1034    9.155           0.000         458.906         456.000         454.906;
  1035    9.164           0.000         459.969         457.125         455.906;
  1036    9.173           0.000         461.000         458.125         456.844;
  1037    9.182           0.000         462.000         458.969         457.688;
  1038    9.191           0.000         462.969         459.656         458.469;
  1039    9.199           0.000         463.813         460.438         459.031;
  1040    9.208           0.000         464.438         461.094         459.531;
  1041    9.217           0.000         465.000         461.688         460.125;
  1042    9.226           0.000         465.656         462.344         460.594;
  1043    9.235           0.000         466.094         462.688         461.094;
  1044    9.244           0.000         466.625         463.188         461.469;
  1045    9.253           0.000         466.969         463.469         461.719;
  1046    9.261           0.000         467.000         463.469         462.094;
  1047    9.270           0.000         467.344         463.781         462.469;
  1048    9.279           0.000         467.656         464.063         462.469;
  1049    9.288           0.000         467.969         464.344         462.469;
  1050    9.297           0.000         467.969         464.469         462.469;
  1051    9.306           0.000         467.969         464.469         462.563;
  1052    9.315           0.000         468.125         464.500         462.750;
  1053    9.323           0.000         468.313         464.688         462.906;
  1054    9.332           0.000         468.469         464.844         463.063;
  1055    9.341           0.000         468.656         465.031         463.250;
  1056    9.350           0.000         468.844         465.188         463.406;
  1057    9.359           0.000         468.969         465.344         463.469;
  1058    9.368           0.000         468.969         465.469         463.469;
  1059    9.377           0.000         469.000         465.469         463.469;
  1060    9.385           0.000         469.125         465.469         463.500;
  1061    9.394           0.000         469.250         465.563         463.625;
  1062    9.403           0.000         469.375         465.688         463.719;
  1063    9.412           0.000         469.500         465.813         463.813;
  1064    9.421           0.000         469.625         465.938         463.938;
  1065    9.430           0.000         469.781         466.063         464.031;
  1066    9.439           0.000         469.906         466.156         464.156;
  1067    9.447           0.000         469.969         466.281         464.250;
  1068    9.456           0.000         469.969         466.406         464.375;
  1069    9.465           0.000         469.969         466.469         464.469;
  1070    9.474           0.000         469.969         466.469         464.469;
  1071    9.483           0.000         470.000         466.469         464.469;
  1072    9.492           0.000         470.063         466.469         464.469;
  1073    9.501           0.000         470.156         466.469         464.500;
  1074    9.509           0.000         470.250         466.563         464.563;
  1075    9.518           0.000         470.313         466.625         464.656;
  1076    9.527           0.000         470.406         466.719         464.719;
  1077    9.536           0.000         470.500         466.781         464.813;
  1078    9.545           0.000         470.563         466.844         464.875;
  1079    9.554           0.000         470.656         466.938         464.938;
  1080    9.563           0.000         471.000         467.000         465.031;
  1081    9.571           0.000         471.125         467.094         465.094;
  1082    9.580           0.000         471.250         467.156         465.188;
  1083    9.589           0.000         471.344         467.250         465.250;
  1084    9.598           0.000         471.469         467.313         465.344;
  1085    9.607           0.000         471.563         467.406         465.406;
  1086    9.616           0.000         471.688         467.469         465.469;
  1087    9.624           0.000         471.813         467.469         465.469;
  1088    9.633           0.000         471.906         467.469         465.469;
  1089    9.642           0.000         471.969         467.469         465.469;
  1090    9.651           0.000         471.969         467.469         465.469;
  1091    9.660           0.000         471.969         467.469         465.469;
  1092    9.669           0.000         471.969         467.469         465.469;
  1093    9.678           0.000         471.969         467.469         465.469;
  1094    9.686           0.000         471.969         467.469         465.469;
  1095    9.695           0.000         471.969         467.469         465.469;
  1096    9.704           0.000         471.969         467.469         465.469;
  1097    9.713           0.000         471.969         467.500         465.500;
  1098    9.722           0.000         472.000         467.531         465.563;
  1099    9.731           0.000         472.031         467.594         465.594;
  1100    9.740           0.000         472.094         467.625         465.625;
  1101    9.748           0.000         472.156         467.656         465.688;
  1102    9.757           0.000         472.219         468.594         465.719;
  1103    9.766           0.000         472.250         468.781         466.594;
  1104    9.775           0.000         473.031         469.000         466.750;
  1105    9.784           0.000         473.219         469.219         466.906;
  1106    9.793           0.000         473.375         469.406         467.094;
  1107    9.802           0.000         473.563         469.469         467.250;
  1108    9.810           0.000         473.719         469.469         467.438;
  1109    9.819           0.000         473.906         469.469         467.469;
  1110    9.828           0.000         473.969         469.469         467.469;
  1111    9.837           0.000         473.969         469.469         467.469;
  1112    9.846           0.000         473.969         469.469         467.469;
  1113    9.855           0.000         473.969         469.469         467.469;
  1114    9.864           0.000         473.969         469.469         467.469;
  1115    9.872           0.000         473.969         469.469         467.469;
  1116    9.881           0.000         473.969         469.469         467.469;
  1117    9.890           0.000         473.969         469.469         467.469;
  1118    9.899           0.000         473.969         469.469         467.469;
  1119    9.908           0.000         473.969         469.469         467.469;
  1120    9.917           0.000         473.969         469.469         467.469;
  1121    9.926           0.000         473.969         469.469         467.469;
  1122    9.934           0.000         473.969         469.469         467.469;
  1123    9.943           0.000         473.969         469.500         467.469;
  1124    9.952           0.000         474.031         469.531         467.500;
  1125    9.961           0.000         474.094         469.594         467.531;
  1126    9.970           0.000         474.125         469.625         467.594;
  1127    9.979           0.000         474.188         470.500         467.625;
  1128    9.988           0.000         474.250         470.719         467.656;
  1129    9.996           0.000         475.031         470.969         467.719]
