 Sample   Time     Commanded Pos   Encoder 1 Pos   Encoder 2 Pos   Encoder 3 Pos 

[    0    0.000           0.000           2.000           2.000           2.000;
     1    0.009          26.313           4.000           2.000           2.000;
     2    0.018          61.750          21.688          14.500          11.313;
     3    0.027          97.156          57.813          53.781          50.313;
     4    0.035         132.563          97.844          93.156          88.438;
     5    0.044         168.000         134.844         128.500         122.344;
     6    0.053         203.406         170.063         162.375         155.313;
     7    0.062         238.813         204.344         197.906         191.031;
     8    0.071         274.250         238.531         232.500         225.094;
     9    0.080         309.656         272.750         266.563         259.313;
    10    0.089         345.063         307.125         300.063         292.219;
    11    0.097         380.500         341.906         334.469         326.656;
    12    0.106         415.906         376.750         368.313         359.813;
    13    0.115         451.313         411.344         402.281         393.344;
    14    0.124         486.750         446.031         435.969         426.656;
    15    0.133         522.156         480.688         470.250         460.750;
    16    0.142         557.563         515.094         505.219         496.000;
    17    0.151         593.000         549.594         539.125         529.719;
    18    0.159         628.406         583.938         573.563         564.406;
    19    0.168         663.813         618.250         607.938         598.969;
    20    0.177         699.250         652.625         642.250         633.750;
    21    0.186         734.656         686.688         676.625         668.313;
    22    0.195         770.063         721.219         711.313         703.094;
    23    0.204         805.500         755.500         745.563         737.125;
    24    0.213         840.906         789.938         779.875         771.656;
    25    0.221         876.313         824.500         814.031         805.156;
    26    0.230         911.750         858.781         847.875         838.563;
    27    0.239         947.156         893.000         881.844         872.125;
    28    0.248         982.563         927.156         916.188         906.750;
    29    0.257        1018.000         961.688         950.063         940.219;
    30    0.266        1053.406         996.125         985.094         975.219;
    31    0.274        1088.813        1030.406        1019.219        1009.313;
    32    0.283        1124.250        1064.688        1053.688        1043.656;
    33    0.292        1159.656        1098.844        1088.031        1077.531;
    34    0.301        1195.063        1133.063        1122.188        1112.000;
    35    0.310        1230.500        1167.156        1155.813        1145.438;
    36    0.319        1265.906        1201.156        1189.875        1179.375;
    37    0.328        1301.313        1235.063        1223.125        1212.000;
    38    0.336        1336.750        1269.281        1257.063        1245.563;
    39    0.345        1372.156        1303.438        1290.594        1279.188;
    40    0.354        1407.563        1337.531        1324.375        1312.813;
    41    0.363        1443.000        1371.531        1358.250        1347.031;
    42    0.372        1478.406        1405.813        1392.750        1381.250;
    43    0.381        1513.813        1439.844        1426.688        1415.813;
    44    0.390        1549.250        1473.875        1461.063        1450.344;
    45    0.398        1584.656        1507.719        1495.344        1484.656;
    46    0.407        1620.063        1541.906        1529.344        1518.656;
    47    0.416        1655.500        1575.844        1562.938        1552.000;
    48    0.425        1690.906        1609.844        1596.375        1584.625;
    49    0.434        1726.313        1643.563        1629.750        1617.594;
    50    0.443        1761.750        1677.688        1663.500        1651.156;
    51    0.452        1797.156        1711.656        1697.688        1685.438;
    52    0.460        1832.563        1745.719        1731.375        1719.375;
    53    0.469        1868.000        1779.563        1765.656        1753.844;
    54    0.478        1903.406        1813.750        1799.969        1788.313;
    55    0.487        1938.813        1847.813        1834.625        1823.531;
    56    0.496        1974.250        1882.000        1869.125        1858.156;
    57    0.505        2009.656        1915.906        1903.531        1892.438;
    58    0.514        2045.063        1950.000        1937.969        1926.906;
    59    0.522        2080.500        1983.719        1971.781        1960.500;
    60    0.531        2115.906        2017.500        2005.188        1993.281;
    61    0.540        2151.313        2051.094        2038.688        2026.813;
    62    0.549        2186.750        2085.063        2072.281        2059.781;
    63    0.558        2222.156        2119.188        2106.219        2093.406;
    64    0.567        2257.563        2153.563        2140.406        2127.500;
    65    0.576        2293.000        2187.719        2174.563        2161.438;
    66    0.584        2328.406        2222.000        2209.000        2195.781;
    67    0.593        2363.813        2256.063        2243.063        2230.063;
    68    0.602        2399.250        2290.000        2277.375        2264.469;
    69    0.611        2434.656        2323.875        2311.469        2298.500;
    70    0.620        2470.063        2358.000        2345.125        2331.563;
    71    0.629        2505.500        2392.313        2378.969        2365.031;
    72    0.638        2540.906        2426.531        2412.563        2398.219;
    73    0.646        2576.313        2460.625        2446.188        2431.656;
    74    0.655        2611.750        2494.531        2479.719        2464.563;
    75    0.664        2647.156        2528.531        2513.500        2498.219;
    76    0.673        2682.563        2562.469        2547.375        2532.344;
    77    0.682        2718.000        2596.750        2581.375        2566.625;
    78    0.691        2753.406        2631.031        2616.188        2602.063;
    79    0.699        2788.813        2665.625        2650.969        2637.438;
    80    0.708        2824.250        2700.156        2685.563        2672.156;
    81    0.717        2859.656        2734.625        2721.000        2708.000;
    82    0.726        2895.063        2769.125        2755.313        2742.281;
    83    0.735        2930.500        2803.375        2789.125        2775.500;
    84    0.744        2965.906        2837.813        2823.188        2809.031;
    85    0.753        3001.313        2871.906        2857.344        2842.781;
    86    0.761        3036.750        2906.281        2891.281        2876.500;
    87    0.770        3072.156        2940.906        2925.625        2910.688;
    88    0.779        3107.563        2975.438        2960.688        2945.875;
    89    0.788        3143.000        3010.031        2994.969        2980.000;
    90    0.797        3178.406        3044.594        3030.250        3015.969;
    91    0.806        3213.813        3078.938        3065.469        3051.313;
    92    0.815        3249.250        3113.500        3100.781        3087.438;
    93    0.823        3284.656        3147.875        3134.531        3120.750;
    94    0.832        3320.063        3182.594        3168.781        3154.719;
    95    0.841        3355.500        3217.281        3202.594        3188.063;
    96    0.850        3390.906        3251.750        3237.063        3222.063;
    97    0.859        3426.313        3286.313        3271.344        3255.781;
    98    0.868        3461.750        3320.563        3305.750        3289.875;
    99    0.877        3497.156        3354.531        3339.406        3323.500;
   100    0.885        3532.563        3388.625        3373.719        3358.125;
   101    0.894        3568.000        3422.750        3408.313        3393.125;
   102    0.903        3603.406        3457.156        3442.938        3428.500;
   103    0.912        3638.813        3491.500        3477.844        3464.000;
   104    0.921        3674.250        3526.156        3512.156        3498.406;
   105    0.930        3709.656        3560.563        3546.000        3531.625;
   106    0.939        3745.063        3594.719        3579.438        3564.469;
   107    0.947        3780.500        3628.813        3612.906        3597.344;
   108    0.956        3815.906        3662.813        3646.844        3630.906;
   109    0.965        3851.313        3697.063        3681.031        3664.750;
   110    0.974        3886.750        3731.375        3714.906        3698.625;
   111    0.983        3922.156        3765.844        3749.406        3732.969;
   112    0.992        3957.563        3800.094        3783.688        3767.281;
   113    1.001        3993.000        3834.156        3818.344        3802.750;
   114    1.009        4028.406        3868.094        3852.875        3837.500;
   115    1.018        4063.813        3902.063        3887.688        3872.625;
   116    1.027        4099.250        3936.156        3921.625        3906.094;
   117    1.036        4134.656        3970.375        3954.969        3939.063;
   118    1.045        4170.063        4004.813        3989.250        3972.844;
   119    1.054        4205.500        4039.094        4023.188        4006.469;
   120    1.063        4240.906        4073.375        4057.438        4040.656;
   121    1.071        4276.313        4107.313        4090.719        4073.719;
   122    1.080        4311.750        4141.344        4124.781        4107.813;
   123    1.089        4347.156        4175.063        4158.688        4141.563;
   124    1.098        4382.563        4208.875        4192.938        4176.000;
   125    1.107        4418.000        4242.750        4227.281        4211.188;
   126    1.116        4453.406        4277.000        4262.594        4246.844;
   127    1.124        4488.813        4311.219        4297.469        4281.469;
   128    1.133        4524.250        4345.688        4331.438        4315.094;
   129    1.142        4559.656        4379.781        4365.344        4348.500;
   130    1.151        4595.063        4413.938        4399.344        4382.250;
   131    1.160        4630.500        4447.781        4432.500        4414.406;
   132    1.169        4665.906        4481.875        4466.219        4448.125;
   133    1.178        4701.313        4515.844        4499.938        4481.500;
   134    1.186        4736.750        4550.219        4534.406        4515.906;
   135    1.195        4772.156        4584.375        4568.625        4549.656;
   136    1.204        4807.563        4618.313        4602.813        4584.094;
   137    1.213        4843.000        4652.094        4637.063        4618.844;
   138    1.222        4878.406        4685.813        4670.875        4652.875;
   139    1.231        4913.813        4719.406        4704.656        4686.313;
   140    1.240        4949.250        4753.531        4738.250        4719.563;
   141    1.248        4984.656        4787.656        4771.969        4752.656;
   142    1.257        5020.063        4822.156        4806.000        4786.406;
   143    1.266        5055.500        4856.438        4839.813        4819.906;
   144    1.275        5090.906        4890.531        4873.469        4853.125;
   145    1.284        5126.313        4924.563        4907.531        4887.250;
   146    1.293        5161.750        4958.438        4941.188        4920.656;
   147    1.302        5197.156        4992.313        4975.406        4954.969;
   148    1.310        5232.563        5026.344        5010.438        4990.813;
   149    1.319        5268.000        5060.594        5045.563        5026.656;
   150    1.328        5303.406        5094.781        5080.250        5061.500;
   151    1.337        5338.813        5129.156        5114.250        5095.438;
   152    1.346        5374.250        5163.219        5148.063        5129.063;
   153    1.355        5409.656        5197.500        5181.625        5162.125;
   154    1.364        5445.063        5231.438        5215.125        5195.281;
   155    1.372        5480.500        5265.656        5248.938        5228.594;
   156    1.381        5515.906        5299.844        5283.063        5262.750;
   157    1.390        5551.313        5334.563        5317.938        5297.594;
   158    1.399        5586.750        5369.250        5352.375        5332.000;
   159    1.408        5622.156        5403.625        5387.344        5367.469;
   160    1.417        5657.563        5438.094        5422.531        5403.313;
   161    1.426        5693.000        5472.281        5457.125        5438.094;
   162    1.434        5728.406        5506.313        5490.938        5472.063;
   163    1.443        5763.813        5540.438        5524.219        5504.781;
   164    1.452        5799.250        5574.594        5558.438        5538.844;
   165    1.461        5834.656        5608.875        5592.375        5572.156;
   166    1.470        5870.063        5643.125        5626.313        5605.969;
   167    1.479        5905.500        5677.750        5660.469        5640.125;
   168    1.488        5940.906        5712.031        5695.031        5674.594;
   169    1.496        5976.313        5746.313        5729.563        5708.906;
   170    1.505        6011.750        5780.688        5763.844        5743.563;
   171    1.514        6047.156        5814.938        5799.188        5779.438;
   172    1.523        6082.563        5849.531        5834.375        5815.344;
   173    1.532        6118.000        5884.094        5870.156        5852.063;
   174    1.541        6153.406        5918.719        5905.281        5887.531;
   175    1.549        6188.813        5953.188        5938.781        5920.563;
   176    1.558        6224.250        5987.188        5972.594        5953.938;
   177    1.567        6259.656        6021.219        6006.313        5987.438;
   178    1.576        6295.063        6055.000        6040.219        6020.875;
   179    1.585        6330.500        6089.094        6073.969        6054.531;
   180    1.594        6365.906        6123.313        6107.844        6088.281;
   181    1.603        6401.313        6157.969        6142.438        6122.875;
   182    1.611        6436.750        6192.375        6177.406        6157.625;
   183    1.620        6472.156        6226.594        6212.063        6193.000;
   184    1.629        6507.563        6260.781        6247.063        6228.531;
   185    1.638        6543.000        6294.875        6282.000        6264.031;
   186    1.647        6578.406        6329.094        6316.219        6298.656;
   187    1.656        6613.813        6363.250        6349.563        6331.188;
   188    1.665        6649.250        6397.750        6384.250        6365.688;
   189    1.673        6684.656        6431.813        6418.031        6399.031;
   190    1.682        6720.063        6465.969        6452.156        6433.156;
   191    1.691        6755.500        6499.688        6486.219        6467.313;
   192    1.700        6790.906        6533.781        6520.313        6500.969;
   193    1.709        6826.313        6567.625        6554.500        6535.438;
   194    1.718        6861.750        6601.813        6588.344        6569.438;
   195    1.727        6897.156        6636.031        6623.031        6604.344;
   196    1.735        6932.563        6670.406        6657.969        6639.594;
   197    1.744        6968.000        6704.875        6692.688        6674.875;
   198    1.753        7003.406        6739.063        6726.813        6708.813;
   199    1.762        7038.813        6773.219        6760.281        6741.594;
   200    1.771        7074.250        6806.906        6794.250        6775.750;
   201    1.780        7109.656        6840.719        6827.438        6808.219;
   202    1.789        7145.063        6874.531        6861.094        6841.625;
   203    1.797        7180.500        6908.531        6893.719        6873.438;
   204    1.806        7215.906        6942.531        6927.781        6907.531;
   205    1.815        7251.313        6976.719        6961.906        6941.625;
   206    1.824        7286.750        7010.688        6995.625        6975.594;
   207    1.833        7322.156        7044.969        7030.344        7010.969;
   208    1.842        7357.563        7078.938        7065.281        7046.313;
   209    1.851        7393.000        7113.031        7099.656        7081.281;
   210    1.859        7428.406        7147.000        7133.313        7114.500;
   211    1.868        7463.813        7181.406        7167.656        7148.375;
   212    1.877        7499.250        7215.625        7201.531        7181.625;
   213    1.886        7534.656        7249.969        7235.563        7215.531;
   214    1.895        7570.063        7283.875        7269.281        7249.031;
   215    1.904        7605.500        7317.969        7302.781        7282.219;
   216    1.913        7640.906        7351.656        7336.500        7316.000;
   217    1.921        7676.313        7385.469        7369.844        7349.156;
   218    1.930        7711.750        7419.281        7403.719        7383.375;
   219    1.939        7747.156        7453.750        7439.125        7419.406;
   220    1.948        7782.563        7488.219        7474.656        7456.000;
   221    1.957        7818.000        7522.625        7509.469        7490.844;
   222    1.966        7853.406        7557.063        7543.688        7524.656;
   223    1.974        7888.813        7591.219        7578.156        7558.875;
   224    1.983        7924.250        7625.344        7611.375        7591.813;
   225    1.992        7959.656        7659.250        7645.188        7625.469;
   226    2.001        7995.063        7693.594        7679.281        7659.750;
   227    2.010        8030.500        7727.875        7713.125        7693.094;
   228    2.019        8065.906        7762.281        7747.094        7727.438;
   229    2.028        8101.313        7796.531        7781.313        7762.125;
   230    2.036        8136.750        7830.750        7817.000        7798.625;
   231    2.045        8172.156        7865.125        7852.125        7835.000;
   232    2.054        8207.563        7899.375        7886.625        7869.906;
   233    2.063        8243.000        7933.781        7921.688        7905.344;
   234    2.072        8278.406        7968.281        7956.125        7939.719;
   235    2.081        8313.813        8003.031        7990.594        7973.844;
   236    2.090        8349.250        8037.875        8025.094        8008.125;
   237    2.098        8384.656        8072.469        8058.469        8041.469;
   238    2.107        8420.063        8106.844        8092.125        8075.063;
   239    2.116        8455.500        8141.156        8125.875        8108.938;
   240    2.125        8490.906        8175.281        8159.625        8142.563;
   241    2.134        8526.313        8209.625        8193.969        8177.406;
   242    2.143        8561.750        8244.219        8229.000        8213.094;
   243    2.152        8597.156        8279.031        8265.469        8250.719;
   244    2.160        8632.563        8314.000        8300.406        8286.000;
   245    2.169        8668.000        8348.750        8335.156        8320.500;
   246    2.178        8703.406        8383.344        8369.844        8354.875;
   247    2.187        8738.813        8417.875        8403.938        8388.563;
   248    2.196        8774.250        8452.344        8438.531        8423.125;
   249    2.205        8809.656        8486.719        8473.000        8457.125;
   250    2.214        8845.063        8521.406        8507.344        8491.500;
   251    2.222        8880.500        8556.156        8541.500        8525.406;
   252    2.231        8915.906        8590.719        8576.375        8560.594;
   253    2.240        8951.313        8625.188        8611.469        8596.469;
   254    2.249        8986.750        8659.406        8646.906        8632.625;
   255    2.258        9022.156        8693.625        8682.000        8668.250;
   256    2.267        9057.563        8727.625        8717.031        8704.000;
   257    2.276        9093.000        8762.000        8751.031        8737.375;
   258    2.284        9128.406        8796.625        8785.781        8771.719;
   259    2.293        9163.813        8831.156        8819.875        8805.719;
   260    2.302        9199.250        8865.688        8854.031        8839.813;
   261    2.311        9234.656        8900.031        8887.906        8873.563;
   262    2.320        9270.063        8934.219        8921.813        8907.438;
   263    2.329        9305.500        8968.313        8955.438        8940.938;
   264    2.338        9340.906        9002.438        8989.594        8975.281;
   265    2.346        9376.313        9037.000        9024.250        9010.375;
   266    2.355        9411.750        9071.500        9059.813        9046.906;
   267    2.364        9447.156        9106.000        9095.656        9083.438;
   268    2.373        9482.563        9140.438        9130.719        9118.563;
   269    2.382        9518.000        9174.594        9164.750        9152.281;
   270    2.391        9553.406        9208.719        9198.469        9185.625;
   271    2.399        9588.813        9242.750        9232.219        9218.969;
   272    2.408        9624.250        9277.125        9266.031        9252.563;
   273    2.417        9659.656        9311.531        9299.719        9286.188;
   274    2.426        9695.063        9346.000        9333.688        9320.000;
   275    2.435        9730.500        9380.406        9367.844        9354.188;
   276    2.444        9765.906        9414.750        9402.188        9388.906;
   277    2.453        9801.313        9449.000        9437.125        9424.500;
   278    2.461        9836.750        9483.063        9472.281        9460.094;
   279    2.470        9872.156        9517.000        9507.125        9495.594;
   280    2.479        9907.563        9550.938        9541.375        9530.031;
   281    2.488        9943.000        9585.094        9575.406        9563.781;
   282    2.497        9978.406        9619.250        9608.875        9596.500;
   283    2.506       10013.813        9653.656        9642.906        9630.750;
   284    2.515       10049.250        9687.938        9676.906        9664.656;
   285    2.523       10084.656        9722.219        9710.563        9698.094;
   286    2.532       10120.063        9756.469        9744.781        9732.094;
   287    2.541       10155.500        9790.563        9778.781        9766.344;
   288    2.550       10190.906        9824.938        9813.781        9801.719;
   289    2.559       10226.313        9859.438        9849.188        9837.375;
   290    2.568       10261.750        9894.000        9884.594        9873.750;
   291    2.577       10297.156        9928.313        9919.781        9909.219;
   292    2.585       10332.563        9962.500        9953.625        9942.813;
   293    2.594       10368.000        9996.625        9987.406        9976.594;
   294    2.603       10403.406       10030.500       10020.469       10009.125;
   295    2.612       10438.813       10064.531       10053.688       10042.313;
   296    2.621       10474.250       10098.656       10087.313       10075.469;
   297    2.630       10509.656       10133.063       10121.719       10109.688;
   298    2.639       10545.063       10167.531       10156.156       10144.250;
   299    2.647       10580.500       10201.969       10191.719       10180.594;
   300    2.656       10615.906       10236.344       10226.281       10215.375;
   301    2.665       10651.313       10270.625       10261.906       10251.531;
   302    2.674       10686.750       10304.906       10297.594       10287.750;
   303    2.683       10722.156       10339.219       10332.656       10323.156;
   304    2.692       10757.563       10373.625       10367.031       10357.031;
   305    2.701       10793.000       10407.938       10401.813       10391.625;
   306    2.709       10828.406       10442.219       10435.250       10424.563;
   307    2.718       10863.813       10476.563       10469.406       10458.594;
   308    2.727       10899.250       10510.875       10502.656       10491.031;
   309    2.736       10934.656       10545.156       10536.281       10524.250;
   310    2.745       10970.063       10579.375       10570.344       10558.500;
   311    2.754       11005.500       10613.813       10604.188       10592.000;
   312    2.763       11040.906       10648.500       10640.625       10628.875;
   313    2.771       11076.313       10683.313       10676.313       10665.156;
   314    2.780       11111.750       10718.156       10712.188       10701.250;
   315    2.789       11147.156       10752.844       10747.344       10736.813;
   316    2.798       11182.563       10787.344       10782.313       10771.750;
   317    2.807       11218.000       10821.813       10816.594       10805.344;
   318    2.816       11253.406       10856.188       10849.969       10838.094;
   319    2.824       11288.813       10890.594       10883.563       10871.781;
   320    2.833       11324.250       10925.063       10917.625       10905.438;
   321    2.842       11359.656       10959.594       10951.875       10939.469;
   322    2.851       11395.063       10994.313       10986.563       10974.500;
   323    2.860       11430.500       11029.000       11021.719       11009.969;
   324    2.869       11465.906       11063.594       11057.531       11046.594;
   325    2.878       11501.313       11098.125       11092.656       11081.813;
   326    2.886       11536.750       11132.719       11128.000       11117.406;
   327    2.895       11572.156       11167.344       11162.750       11152.094;
   328    2.904       11607.563       11202.156       11197.563       11186.750;
   329    2.913       11643.000       11237.031       11232.094       11220.563;
   330    2.922       11678.406       11271.656       11266.313       11254.844;
   331    2.931       11713.813       11306.063       11300.219       11288.438;
   332    2.940       11749.250       11340.094       11333.656       11321.594;
   333    2.948       11784.656       11374.125       11367.250       11355.000;
   334    2.957       11820.063       11408.250       11402.125       11390.281;
   335    2.966       11855.500       11442.656       11437.219       11425.688;
   336    2.975       11890.906       11477.469       11473.125       11461.969;
   337    2.984       11926.313       11512.344       11508.594       11497.750;
   338    2.993       11961.750       11547.063       11544.000       11533.188;
   339    3.002       11997.156       11581.688       11578.781       11568.250;
   340    3.010       12032.563       11616.156       11612.031       11600.813;
   341    3.019       12068.000       11650.500       11646.250       11635.156;
   342    3.028       12103.406       11685.000       11679.813       11667.938;
   343    3.037       12138.813       11719.469       11714.219       11702.188;
   344    3.046       12174.250       11754.156       11748.469       11736.125;
   345    3.055       12209.656       11788.875       11783.375       11771.406;
   346    3.064       12245.063       11823.281       11818.031       11806.125;
   347    3.072       12280.500       11857.625       11853.313       11842.125;
   348    3.081       12315.906       11891.750       11888.563       11877.563;
   349    3.090       12351.313       11926.094       11923.438       11912.625;
   350    3.099       12386.750       11960.656       11958.344       11947.750;
   351    3.108       12422.156       11995.250       11992.906       11981.781;
   352    3.117       12457.563       12029.969       12026.781       12015.500;
   353    3.126       12493.000       12064.531       12060.750       12048.750;
   354    3.134       12528.406       12098.906       12094.406       12082.375;
   355    3.143       12563.813       12133.156       12128.188       12115.938;
   356    3.152       12599.250       12167.188       12162.094       12149.875;
   357    3.161       12634.656       12201.281       12195.844       12183.719;
   358    3.170       12670.063       12235.406       12230.375       12218.625;
   359    3.179       12705.500       12269.844       12265.250       12253.438;
   360    3.188       12740.906       12304.344       12300.219       12288.781;
   361    3.196       12776.313       12338.844       12335.344       12324.063;
   362    3.205       12811.750       12373.219       12370.125       12359.063;
   363    3.214       12847.156       12407.500       12404.406       12392.813;
   364    3.223       12882.563       12441.844       12438.719       12426.813;
   365    3.232       12918.000       12476.094       12473.000       12460.375;
   366    3.241       12953.406       12510.594       12506.969       12494.219;
   367    3.249       12988.813       12545.125       12541.563       12528.406;
   368    3.258       13024.250       12579.594       12576.219       12563.125;
   369    3.267       13059.656       12614.094       12611.594       12599.156;
   370    3.276       13095.063       12648.344       12646.438       12634.219;
   371    3.285       13130.500       12682.469       12681.625       12669.469;
   372    3.294       13165.906       12716.781       12716.813       12705.281;
   373    3.303       13201.313       12751.281       12750.906       12739.188;
   374    3.311       13236.750       12786.031       12786.281       12774.688;
   375    3.320       13272.156       12820.875       12820.719       12808.688;
   376    3.329       13307.563       12855.625       12854.781       12842.438;
   377    3.338       13343.000       12890.188       12888.750       12875.781;
   378    3.347       13378.406       12924.531       12922.375       12909.063;
   379    3.356       13413.813       12958.750       12956.406       12943.125;
   380    3.365       13449.250       12993.094       12991.063       12978.063;
   381    3.373       13484.656       13027.563       13026.188       13013.438;
   382    3.382       13520.063       13062.375       13061.125       13048.469;
   383    3.391       13555.500       13097.188       13096.563       13084.188;
   384    3.400       13590.906       13131.844       13131.469       13119.281;
   385    3.409       13626.313       13166.563       13166.000       13153.719;
   386    3.418       13661.750       13201.188       13200.719       13188.500;
   387    3.427       13697.156       13235.656       13234.563       13222.063;
   388    3.435       13732.563       13270.250       13268.125       13254.844;
   389    3.444       13768.000       13305.000       13302.125       13288.250;
   390    3.453       13803.406       13339.813       13337.094       13323.156;
   391    3.462       13838.813       13374.781       13371.969       13358.125;
   392    3.471       13874.250       13409.656       13407.313       13393.594;
   393    3.480       13909.656       13444.313       13442.594       13429.250;
   394    3.489       13945.063       13479.000       13477.563       13464.563;
   395    3.497       13980.500       13513.719       13512.313       13499.469;
   396    3.506       14015.906       13548.500       13547.125       13534.563;
   397    3.515       14051.313       13583.313       13582.000       13569.406;
   398    3.524       14086.750       13618.281       13616.750       13603.844;
   399    3.533       14122.156       13653.344       13651.219       13637.906;
   400    3.542       14157.563       13688.219       13685.375       13671.781;
   401    3.551       14193.000       13722.875       13720.063       13705.813;
   402    3.559       14228.406       13757.594       13754.563       13740.406;
   403    3.568       14263.813       13792.375       13789.500       13775.719;
   404    3.577       14299.250       13827.219       13824.875       13811.250;
   405    3.586       14334.656       13862.344       13860.250       13847.000;
   406    3.595       14370.063       13897.531       13895.531       13882.438;
   407    3.604       14405.500       13932.406       13930.219       13917.219;
   408    3.613       14440.906       13966.969       13964.500       13951.125;
   409    3.621       14476.313       14001.531       13998.500       13984.594;
   410    3.630       14511.750       14035.813       14032.781       14018.500;
   411    3.639       14547.156       14070.219       14066.125       14051.594;
   412    3.648       14582.563       14104.844       14100.219       14085.063;
   413    3.657       14618.000       14139.500       14134.656       14119.500;
   414    3.666       14653.406       14174.250       14169.563       14154.125;
   415    3.674       14688.813       14209.000       14204.063       14188.688;
   416    3.683       14724.250       14243.500       14238.688       14223.875;
   417    3.692       14759.656       14278.031       14273.156       14258.094;
   418    3.701       14795.063       14312.438       14307.406       14292.438;
   419    3.710       14830.500       14346.813       14341.094       14325.781;
   420    3.719       14865.906       14381.281       14375.094       14359.969;
   421    3.728       14901.313       14415.875       14409.750       14394.781;
   422    3.736       14936.750       14450.500       14443.719       14428.406;
   423    3.745       14972.156       14485.000       14477.969       14462.625;
   424    3.754       15007.563       14519.094       14511.969       14496.156;
   425    3.763       15043.000       14553.156       14546.281       14530.688;
   426    3.772       15078.406       14587.156       14580.750       14565.063;
   427    3.781       15113.813       14621.531       14615.250       14599.656;
   428    3.790       15149.250       14656.094       14650.094       14634.719;
   429    3.798       15184.656       14690.719       14684.969       14669.875;
   430    3.807       15220.063       14725.313       14719.188       14704.250;
   431    3.816       15255.500       14759.563       14753.625       14738.938;
   432    3.825       15290.906       14793.438       14787.063       14772.156;
   433    3.834       15326.313       14827.250       14820.219       14804.875;
   434    3.843       15361.750       14861.250       14853.781       14838.094;
   435    3.852       15397.156       14895.250       14888.250       14872.219;
   436    3.860       15432.563       14929.406       14922.125       14905.906;
   437    3.869       15468.000       14963.594       14956.344       14940.000;
   438    3.878       15503.406       14997.969       14991.063       14974.969;
   439    3.887       15538.813       15032.250       15026.125       15010.781;
   440    3.896       15574.250       15066.469       15060.188       15044.500;
   441    3.905       15609.656       15100.719       15094.781       15079.938;
   442    3.914       15645.063       15134.844       15128.781       15113.656;
   443    3.922       15680.500       15169.125       15162.813       15148.000;
   444    3.931       15715.906       15203.469       15197.000       15181.938;
   445    3.940       15751.313       15237.750       15230.500       15215.219;
   446    3.949       15786.750       15272.000       15264.594       15248.813;
   447    3.958       15822.156       15305.938       15298.063       15282.156;
   448    3.967       15857.563       15339.750       15331.875       15316.000;
   449    3.976       15893.000       15373.688       15365.656       15349.469;
   450    3.984       15928.406       15407.750       15400.219       15384.063;
   451    3.993       15963.813       15441.969       15434.688       15418.938;
   452    4.002       15999.063       15476.219       15469.594       15453.813;
   453    4.011       16000.000       15506.344       15503.063       15488.188;
   454    4.020       16000.000       15518.375       15518.000       15505.000;
   455    4.029       16000.000       15517.531       15514.313       15500.750;
   456    4.038       16000.000       15512.000       15510.438       15497.813;
   457    4.046       16000.000       15510.031       15508.031       15495.031;
   458    4.055       16000.000       15510.031       15508.031       15495.031;
   459    4.064       16000.000       15510.031       15508.031       15495.031;
   460    4.073       16000.000       15510.031       15508.031       15495.031;
   461    4.082       16000.000       15510.031       15508.031       15495.031;
   462    4.091       16000.000       15510.031       15508.031       15495.031;
   463    4.099       16000.000       15509.906       15508.031       15495.031;
   464    4.108       16000.000       15508.156       15507.938       15495.031;
   465    4.117       16000.000       15507.031       15507.781       15494.938;
   466    4.126       16000.000       15507.031       15507.656       15494.813;
   467    4.135       16000.000       15507.031       15507.500       15494.656;
   468    4.144       16000.000       15507.031       15507.375       15494.531;
   469    4.153       16000.000       15507.031       15507.219       15494.406;
   470    4.161       16000.000       15507.031       15507.094       15494.281;
   471    4.170       16000.000       15507.031       15507.031       15494.156;
   472    4.179       16000.000       15507.031       15507.031       15494.031;
   473    4.188       16000.000       15507.000       15507.000       15494.031;
   474    4.197       16000.000       15505.750       15505.906       15494.031;
   475    4.206       16000.000       15505.031       15504.750       15493.906;
   476    4.215       16000.000       15504.250       15504.031       15493.813;
   477    4.223       16000.000       15504.031       15504.031       15493.719;
   478    4.232       16000.000       15504.031       15504.031       15493.625;
   479    4.241       16000.000       15505.531       15504.031       15493.500;
   480    4.250       16000.000       15505.531       15504.031       15493.406;
   481    4.259       16000.000       15505.531       15504.031       15493.313;
   482    4.268       16000.000       15505.531       15504.031       15493.188;
   483    4.277       16000.000       15504.531       15504.031       15493.094;
   484    4.285       16000.000       15503.969       15504.031       15492.906;
   485    4.294       16000.000       15503.313       15504.031       15492.813;
   486    4.303       16000.000       15503.031       15504.031       15492.688;
   487    4.312       16000.000       15503.031       15504.031       15492.594;
   488    4.321       16000.000       15503.031       15504.031       15492.469;
   489    4.330       16000.000       15504.531       15504.031       15492.375;
   490    4.339       16000.000       15504.531       15504.031       15492.250;
   491    4.347       16000.000       15504.531       15504.031       15492.156;
   492    4.356       16000.000       15503.531       15504.031       15492.031;
   493    4.365       16000.000       15503.531       15503.969       15492.031;
   494    4.374       16000.000       15502.563       15503.906       15491.969;
   495    4.383       16000.000       15502.031       15503.875       15491.875;
   496    4.392       16000.000       15502.031       15503.813       15491.781;
   497    4.401       16000.000       15502.031       15503.750       15491.688;
   498    4.409       16000.000       15502.031       15503.688       15491.594;
   499    4.418       16000.000       15503.531       15503.625       15491.500;
   500    4.427       16000.000       15503.531       15503.563       15491.406;
   501    4.436       16000.000       15503.531       15503.531       15491.313;
   502    4.445       16000.000       15502.531       15503.469       15491.219;
   503    4.454       16000.000       15502.531       15502.938       15491.125;
   504    4.463       16000.000       15502.531       15502.813       15491.031;
   505    4.471       16000.000       15501.719       15502.719       15491.031;
   506    4.480       16000.000       15501.375       15502.625       15491.031;
   507    4.489       16000.000       15501.031       15502.531       15491.031;
   508    4.498       16000.000       15501.031       15502.406       15491.031;
   509    4.507       16000.000       15502.531       15502.313       15491.031;
   510    4.516       16000.000       15502.531       15502.219       15491.031;
   511    4.524       16000.000       15502.531       15502.125       15491.031;
   512    4.533       16000.000       15502.531       15502.031       15491.031;
   513    4.542       16000.000       15502.531       15502.031       15491.031;
   514    4.551       16000.000       15501.531       15502.031       15491.031;
   515    4.560       16000.000       15501.531       15502.031       15490.969;
   516    4.569       16000.000       15501.531       15502.031       15490.906;
   517    4.578       16000.000       15501.531       15502.031       15490.875;
   518    4.586       16000.000       15501.531       15501.969       15490.813;
   519    4.595       16000.000       15501.000       15501.906       15490.781;
   520    4.604       16000.000       15500.813       15501.813       15490.719;
   521    4.613       16000.000       15500.625       15501.750       15490.688;
   522    4.622       16000.000       15500.469       15501.688       15490.625;
   523    4.631       16000.000       15500.281       15501.625       15490.594;
   524    4.640       16000.000       15500.094       15501.563       15490.531;
   525    4.648       16000.000       15501.531       15501.500       15490.469;
   526    4.657       16000.000       15501.531       15501.438       15490.438;
   527    4.666       16000.000       15501.531       15501.344       15490.375;
   528    4.675       16000.000       15501.531       15501.281       15490.344;
   529    4.684       16000.000       15501.531       15501.219       15490.281;
   530    4.693       16000.000       15500.531       15501.156       15490.250;
   531    4.702       16000.000       15500.531       15501.094       15490.188;
   532    4.710       16000.000       15500.531       15501.031       15490.125;
   533    4.719       16000.000       15500.531       15501.031       15490.094;
   534    4.728       16000.000       15500.531       15501.031       15490.031;
   535    4.737       16000.000       15500.531       15501.031       15490.031;
   536    4.746       16000.000       15500.531       15501.031       15490.031;
   537    4.755       16000.000       15500.531       15501.031       15490.031;
   538    4.764       16000.000       15500.531       15501.031       15490.031;
   539    4.772       16000.000       15500.531       15501.031       15490.031;
   540    4.781       16000.000       15500.531       15501.031       15490.000;
   541    4.790       16000.000       15500.531       15501.000       15489.969;
   542    4.799       16000.000       15499.969       15500.969       15489.938;
   543    4.808       16000.000       15499.875       15500.938       15489.906;
   544    4.817       16000.000       15499.781       15500.875       15489.844;
   545    4.826       16000.000       15499.688       15500.844       15489.813;
   546    4.834       16000.000       15499.625       15500.813       15489.781;
   547    4.843       16000.000       15499.531       15500.750       15489.750;
   548    4.852       16000.000       15499.438       15500.719       15489.688;
   549    4.861       16000.000       15500.531       15500.656       15489.656;
   550    4.870       16000.000       15500.531       15500.625       15489.625;
   551    4.879       16000.000       15500.531       15500.594       15489.594;
   552    4.888       16000.000       15500.531       15500.531       15489.531;
   553    4.896       16000.000       15500.531       15500.500       15489.500;
   554    4.905       16000.000       15499.531       15500.469       15489.469;
   555    4.914       16000.000       15499.531       15500.406       15489.438;
   556    4.923       16000.000       15499.531       15500.375       15489.375;
   557    4.932       16000.000       15499.531       15500.344       15489.344;
   558    4.941       16000.000       15499.531       15500.281       15489.313;
   559    4.949       16000.000       15499.531       15500.250       15489.281;
   560    4.958       16000.000       15499.531       15500.219       15489.219;
   561    4.967       16000.000       15499.531       15500.156       15489.188;
   562    4.976       16000.000       15499.531       15500.125       15489.156;
   563    4.985       16000.000       15499.531       15500.094       15489.125;
   564    4.994       16000.000       15499.531       15500.031       15489.063;
   565    5.003       16000.000       15499.531       15500.031       15489.031;
   566    5.011       15973.656       15497.031       15500.031       15489.031;
   567    5.020       15938.219       15480.500       15487.906       15480.000;
   568    5.029       15902.813       15445.469       15450.313       15441.656;
   569    5.038       15867.406       15406.469       15411.688       15403.750;
   570    5.047       15831.969       15369.813       15376.031       15368.750;
   571    5.056       15796.563       15334.719       15342.563       15335.844;
   572    5.065       15761.156       15300.438       15308.344       15302.125;
   573    5.073       15725.719       15266.563       15275.188       15269.781;
   574    5.082       15690.313       15232.656       15241.500       15236.469;
   575    5.091       15654.906       15198.688       15208.063       15203.344;
   576    5.100       15619.469       15164.438       15174.156       15169.250;
   577    5.109       15584.063       15130.031       15139.781       15134.813;
   578    5.118       15548.656       15095.469       15105.906       15101.156;
   579    5.127       15513.219       15061.219       15071.469       15066.625;
   580    5.135       15477.813       15026.938       15037.438       15032.688;
   581    5.144       15442.406       14992.750       15003.281       14998.438;
   582    5.153       15406.969       14958.625       14969.375       14964.750;
   583    5.162       15371.563       14924.438       14934.938       14930.031;
   584    5.171       15336.156       14890.406       14900.938       14896.438;
   585    5.180       15300.719       14856.281       14866.906       14862.469;
   586    5.189       15265.313       14822.313       14832.563       14828.656;
   587    5.197       15229.906       14788.063       14798.563       14794.719;
   588    5.206       15194.469       14753.938       14764.938       14761.750;
   589    5.215       15159.063       14719.625       14730.500       14727.188;
   590    5.224       15123.656       14685.406       14696.500       14693.563;
   591    5.233       15088.219       14651.344       14663.156       14660.313;
   592    5.242       15052.813       14617.313       14628.969       14625.750;
   593    5.251       15017.406       14583.281       14594.844       14591.313;
   594    5.259       14981.969       14549.344       14560.781       14557.563;
   595    5.268       14946.563       14515.281       14526.719       14523.250;
   596    5.277       14911.156       14481.156       14492.219       14488.594;
   597    5.286       14875.719       14447.156       14458.250       14454.750;
   598    5.295       14840.313       14413.344       14424.594       14421.719;
   599    5.304       14804.906       14379.688       14390.969       14388.375;
   600    5.313       14769.469       14346.125       14357.656       14355.125;
   601    5.321       14734.063       14312.281       14324.125       14321.500;
   602    5.330       14698.656       14278.500       14291.031       14288.719;
   603    5.339       14663.219       14244.719       14257.156       14254.375;
   604    5.348       14627.813       14211.094       14223.813       14221.313;
   605    5.357       14592.406       14177.344       14190.188       14187.469;
   606    5.366       14556.969       14143.625       14156.125       14153.156;
   607    5.374       14521.563       14109.906       14122.531       14119.438;
   608    5.383       14486.156       14076.188       14088.688       14085.375;
   609    5.392       14450.719       14042.594       14055.344       14052.219;
   610    5.401       14415.313       14009.063       14022.750       14019.750;
   611    5.410       14379.906       13975.563       13989.563       13986.688;
   612    5.419       14344.469       13942.156       13956.625       13953.906;
   613    5.428       14309.063       13908.656       13923.844       13921.438;
   614    5.436       14273.656       13875.000       13890.969       13888.781;
   615    5.445       14238.219       13841.531       13857.625       13855.375;
   616    5.454       14202.813       13808.031       13824.063       13822.000;
   617    5.463       14167.406       13774.531       13790.281       13787.969;
   618    5.472       14131.969       13741.000       13756.781       13754.344;
   619    5.481       14096.563       13707.500       13723.094       13720.781;
   620    5.490       14061.156       13673.906       13689.688       13687.656;
   621    5.498       14025.719       13640.031       13656.313       13654.719;
   622    5.507       13990.313       13606.281       13623.219       13622.094;
   623    5.516       13954.906       13572.656       13590.344       13589.750;
   624    5.525       13919.469       13539.281       13557.313       13557.031;
   625    5.534       13884.063       13506.000       13524.156       13523.844;
   626    5.543       13848.656       13472.719       13491.156       13490.719;
   627    5.552       13813.219       13439.406       13457.688       13457.188;
   628    5.560       13777.813       13405.969       13424.156       13423.781;
   629    5.569       13742.406       13372.344       13390.156       13389.500;
   630    5.578       13706.969       13338.844       13356.438       13355.844;
   631    5.587       13671.563       13305.250       13322.594       13321.688;
   632    5.596       13636.156       13271.594       13288.938       13288.531;
   633    5.605       13600.719       13238.000       13255.656       13255.656;
   634    5.614       13565.313       13204.438       13222.719       13223.281;
   635    5.622       13529.906       13171.063       13189.719       13190.750;
   636    5.631       13494.469       13137.531       13156.156       13157.406;
   637    5.640       13459.063       13103.938       13122.813       13124.125;
   638    5.649       13423.656       13070.375       13088.750       13089.813;
   639    5.658       13388.219       13036.875       13055.031       13056.000;
   640    5.667       13352.813       13003.406       13021.156       13022.000;
   641    5.676       13317.406       12969.938       12987.750       12988.656;
   642    5.684       13281.969       12936.594       12953.969       12954.313;
   643    5.693       13246.563       12903.188       12920.250       12920.719;
   644    5.702       13211.156       12869.438       12886.719       12887.219;
   645    5.711       13175.719       12835.531       12853.469       12854.406;
   646    5.720       13140.313       12801.719       12820.188       12821.688;
   647    5.729       13104.906       12768.031       12787.000       12788.969;
   648    5.738       13069.469       12734.500       12753.500       12755.719;
   649    5.746       13034.063       12701.094       12719.969       12722.156;
   650    5.755       12998.656       12667.719       12686.594       12688.844;
   651    5.764       12963.219       12634.313       12652.188       12653.938;
   652    5.773       12927.813       12600.656       12618.250       12619.781;
   653    5.782       12892.406       12566.844       12583.406       12584.750;
   654    5.791       12856.969       12532.844       12548.969       12549.906;
   655    5.799       12821.563       12498.906       12514.594       12515.125;
   656    5.808       12786.156       12464.969       12480.906       12481.719;
   657    5.817       12750.719       12431.156       12447.875       12449.469;
   658    5.826       12715.313       12397.281       12414.313       12416.375;
   659    5.835       12679.906       12363.406       12381.125       12383.563;
   660    5.844       12644.469       12329.469       12347.219       12349.813;
   661    5.853       12609.063       12295.531       12312.500       12314.969;
   662    5.861       12573.656       12261.531       12278.313       12280.813;
   663    5.870       12538.219       12227.625       12243.375       12245.250;
   664    5.879       12502.813       12193.938       12209.281       12210.719;
   665    5.888       12467.406       12160.344       12175.313       12176.688;
   666    5.897       12431.969       12126.781       12141.906       12143.344;
   667    5.906       12396.563       12092.938       12108.406       12109.969;
   668    5.915       12361.156       12058.969       12075.125       12077.063;
   669    5.923       12325.719       12024.781       12041.594       12044.000;
   670    5.932       12290.313       11990.750       12008.000       12010.781;
   671    5.941       12254.906       11956.781       11974.719       11977.781;
   672    5.950       12219.469       11923.094       11940.875       11944.125;
   673    5.959       12184.063       11889.500       11907.031       11909.938;
   674    5.968       12148.656       11855.969       11872.906       11875.625;
   675    5.977       12113.219       11822.281       11838.531       11840.969;
   676    5.985       12077.813       11788.313       11804.031       11806.063;
   677    5.994       12042.406       11754.594       11770.281       11772.250;
   678    6.003       12006.969       11720.969       11736.969       11739.188;
   679    6.012       11971.563       11687.719       11703.969       11706.406;
   680    6.021       11936.156       11654.469       11671.406       11674.438;
   681    6.030       11900.719       11621.281       11638.844       11642.250;
   682    6.039       11865.313       11588.031       11606.063       11609.969;
   683    6.047       11829.906       11554.688       11572.719       11576.750;
   684    6.056       11794.469       11521.156       11539.750       11544.375;
   685    6.065       11759.063       11487.531       11505.125       11509.219;
   686    6.074       11723.656       11454.000       11471.031       11475.219;
   687    6.083       11688.219       11420.500       11436.656       11440.219;
   688    6.092       11652.813       11387.375       11402.875       11405.688;
   689    6.101       11617.406       11354.406       11369.188       11371.688;
   690    6.109       11581.969       11321.250       11335.469       11337.719;
   691    6.118       11546.563       11287.969       11303.438       11306.344;
   692    6.127       11511.156       11254.625       11270.969       11274.438;
   693    6.136       11475.719       11221.250       11238.250       11242.125;
   694    6.145       11440.313       11187.813       11205.188       11209.594;
   695    6.154       11404.906       11154.563       11172.313       11177.031;
   696    6.163       11369.469       11121.281       11139.438       11144.594;
   697    6.171       11334.063       11088.156       11106.125       11111.031;
   698    6.180       11298.656       11055.063       11072.250       11077.188;
   699    6.189       11263.219       11021.688       11038.500       11043.094;
   700    6.198       11227.813       10988.031       11004.250       11008.375;
   701    6.207       11192.406       10954.563       10970.500       10974.031;
   702    6.216       11156.969       10920.969       10937.500       10941.313;
   703    6.224       11121.563       10887.719       10904.594       10908.875;
   704    6.233       11086.156       10854.625       10872.188       10876.969;
   705    6.242       11050.719       10821.438       10839.750       10844.875;
   706    6.251       11015.313       10788.031       10806.813       10812.250;
   707    6.260       10979.906       10754.750       10774.031       10779.875;
   708    6.269       10944.469       10721.156       10740.281       10746.000;
   709    6.278       10909.063       10687.500       10706.219       10711.594;
   710    6.286       10873.656       10653.875       10671.500       10676.750;
   711    6.295       10838.219       10620.219       10637.063       10641.844;
   712    6.304       10802.813       10586.969       10602.969       10607.219;
   713    6.313       10767.406       10553.656       10568.469       10572.281;
   714    6.322       10731.969       10520.219       10536.063       10540.688;
   715    6.331       10696.563       10486.656       10502.313       10506.750;
   716    6.340       10661.156       10452.969       10469.781       10475.094;
   717    6.348       10625.719       10419.406       10436.781       10442.563;
   718    6.357       10590.313       10385.906       10403.469       10409.469;
   719    6.366       10554.906       10352.438       10369.688       10375.906;
   720    6.375       10519.469       10319.156       10335.531       10341.656;
   721    6.384       10484.063       10285.813       10301.719       10307.750;
   722    6.393       10448.656       10252.344       10267.531       10273.250;
   723    6.402       10413.219       10218.844       10232.344       10237.313;
   724    6.410       10377.813       10185.063       10198.438       10203.219;
   725    6.419       10342.406       10151.281       10164.344       10168.875;
   726    6.428       10306.969       10117.656       10130.781       10135.188;
   727    6.437       10271.563       10084.031       10097.375       10102.156;
   728    6.446       10236.156       10050.563       10064.031       10069.531;
   729    6.455       10200.719       10017.000       10031.188       10036.938;
   730    6.464       10165.313        9983.594        9998.125       10004.000;
   731    6.472       10129.906        9950.125        9964.469        9970.438;
   732    6.481       10094.469        9916.250        9930.594        9936.656;
   733    6.490       10059.063        9882.406        9896.000        9902.156;
   734    6.499       10023.656        9848.313        9861.531        9867.500;
   735    6.508        9988.219        9814.406        9826.313        9831.063;
   736    6.517        9952.813        9780.469        9791.813        9796.406;
   737    6.526        9917.406        9746.781        9758.188        9762.719;
   738    6.534        9881.969        9713.063        9724.563        9729.125;
   739    6.543        9846.563        9679.250        9691.375        9696.375;
   740    6.552        9811.156        9645.250        9657.719        9663.031;
   741    6.561        9775.719        9611.125        9623.906        9629.625;
   742    6.570        9740.313        9577.094        9590.063        9595.969;
   743    6.579        9704.906        9543.313        9556.219        9562.156;
   744    6.588        9669.469        9509.719        9522.656        9528.656;
   745    6.596        9634.063        9476.125        9488.344        9494.031;
   746    6.605        9598.656        9442.563        9453.594        9458.719;
   747    6.614        9563.219        9408.625        9418.875        9423.125;
   748    6.623        9527.813        9374.500        9384.406        9388.438;
   749    6.632        9492.406        9340.188        9350.344        9354.156;
   750    6.641        9456.969        9306.156        9317.094        9321.406;
   751    6.649        9421.563        9272.156        9283.938        9288.594;
   752    6.658        9386.156        9238.531        9251.156        9256.063;
   753    6.667        9350.719        9204.906        9217.844        9222.781;
   754    6.676        9315.313        9171.406        9184.750        9189.969;
   755    6.685        9279.906        9137.750        9151.219        9156.594;
   756    6.694        9244.469        9103.969        9117.344        9122.781;
   757    6.703        9209.063        9070.406        9083.406        9088.813;
   758    6.711        9173.656        9036.906        9049.156        9054.000;
   759    6.720        9138.219        9003.563        9014.750        9019.000;
   760    6.729        9102.813        8970.250        8981.156        8985.031;
   761    6.738        9067.406        8936.813        8948.125        8952.156;
   762    6.747        9031.969        8903.344        8915.219        8919.438;
   763    6.756        8996.563        8869.781        8882.406        8887.125;
   764    6.765        8961.156        8836.125        8848.969        8854.094;
   765    6.773        8925.719        8802.719        8815.688        8821.094;
   766    6.782        8890.313        8769.156        8782.094        8787.531;
   767    6.791        8854.906        8735.688        8748.531        8753.813;
   768    6.800        8819.469        8702.531        8715.031        8720.156;
   769    6.809        8784.063        8669.406        8681.500        8686.156;
   770    6.818        8748.656        8636.125        8647.281        8651.438;
   771    6.827        8713.219        8602.906        8613.031        8616.750;
   772    6.835        8677.813        8569.469        8579.281        8582.719;
   773    6.844        8642.406        8535.938        8545.969        8549.469;
   774    6.853        8606.969        8502.375        8512.500        8516.219;
   775    6.862        8571.563        8468.844        8479.031        8483.000;
   776    6.871        8536.156        8435.563        8446.000        8450.281;
   777    6.880        8500.719        8402.531        8412.813        8417.000;
   778    6.889        8465.313        8369.156        8379.250        8383.219;
   779    6.897        8429.906        8335.625        8344.844        8348.875;
   780    6.906        8394.469        8302.031        8310.875        8314.906;
   781    6.915        8359.063        8268.313        8276.313        8279.813;
   782    6.924        8323.656        8234.906        8242.156        8245.031;
   783    6.933        8288.219        8201.531        8207.250        8209.469;
   784    6.942        8252.813        8168.313        8173.563        8175.375;
   785    6.951        8217.406        8135.188        8141.250        8143.688;
   786    6.959        8181.969        8101.625        8108.281        8111.000;
   787    6.968        8146.563        8068.000        8075.563        8078.500;
   788    6.977        8111.156        8034.594        8042.500        8045.313;
   789    6.986        8075.719        8001.031        8009.625        8012.844;
   790    6.995        8040.313        7967.500        7976.281        7979.906;
   791    7.004        8004.906        7934.094        7942.781        7946.375;
   792    7.013        7969.469        7900.719        7909.250        7912.781;
   793    7.021        7934.063        7867.500        7875.344        7878.094;
   794    7.030        7898.656        7834.219        7841.344        7843.438;
   795    7.039        7863.219        7800.594        7807.156        7808.969;
   796    7.048        7827.813        7766.969        7772.781        7773.750;
   797    7.057        7792.406        7733.250        7739.500        7740.156;
   798    7.066        7756.969        7699.719        7706.906        7707.688;
   799    7.074        7721.563        7666.594        7673.938        7674.719;
   800    7.083        7686.156        7633.438        7641.875        7643.063;
   801    7.092        7650.719        7600.188        7608.156        7608.969;
   802    7.101        7615.313        7566.750        7575.063        7576.250;
   803    7.110        7579.906        7533.094        7541.031        7542.313;
   804    7.119        7544.469        7499.375        7507.031        7508.125;
   805    7.128        7509.063        7465.625        7472.406        7473.031;
   806    7.136        7473.656        7431.969        7438.188        7438.469;
   807    7.145        7438.219        7398.406        7403.156        7402.375;
   808    7.154        7402.813        7364.844        7370.000        7368.938;
   809    7.163        7367.406        7331.531        7337.281        7336.469;
   810    7.172        7331.969        7298.156        7304.594        7304.063;
   811    7.181        7296.563        7264.344        7270.688        7270.000;
   812    7.190        7261.156        7230.531        7237.375        7236.938;
   813    7.198        7225.719        7196.406        7203.531        7203.094;
   814    7.207        7190.313        7162.625        7169.625        7169.156;
   815    7.216        7154.906        7128.813        7135.531        7135.281;
   816    7.225        7119.469        7095.125        7100.906        7100.344;
   817    7.234        7084.063        7061.250        7066.563        7065.313;
   818    7.243        7048.656        7027.281        7031.625        7029.813;
   819    7.252        7013.219        6993.063        6996.906        6994.906;
   820    7.260        6977.813        6958.906        6963.625        6962.031;
   821    7.269        6942.406        6924.531        6929.750        6928.469;
   822    7.278        6906.969        6890.594        6896.031        6894.844;
   823    7.287        6871.563        6856.781        6862.906        6861.813;
   824    7.296        6836.156        6823.344        6830.250        6829.781;
   825    7.305        6800.719        6789.813        6796.781        6796.625;
   826    7.314        6765.313        6755.906        6763.000        6762.750;
   827    7.322        6729.906        6721.719        6728.219        6727.844;
   828    7.331        6694.469        6687.500        6693.781        6693.375;
   829    7.340        6659.063        6653.344        6659.563        6659.313;
   830    7.349        6623.656        6619.344        6625.344        6624.938;
   831    7.358        6588.219        6585.375        6591.125        6590.813;
   832    7.367        6552.813        6551.500        6558.125        6558.281;
   833    7.376        6517.406        6517.688        6525.031        6525.594;
   834    7.384        6481.969        6483.844        6491.750        6492.500;
   835    7.393        6446.563        6449.938        6458.094        6458.781;
   836    7.402        6411.156        6416.031        6423.938        6424.844;
   837    7.411        6375.719        6382.406        6390.125        6391.250;
   838    7.420        6340.313        6348.719        6356.656        6358.031;
   839    7.429        6304.906        6315.406        6323.063        6324.438;
   840    7.438        6269.469        6281.969        6289.594        6290.781;
   841    7.446        6234.063        6248.469        6255.125        6255.656;
   842    7.455        6198.656        6214.844        6220.531        6220.469;
   843    7.464        6163.219        6180.813        6186.219        6185.406;
   844    7.473        6127.813        6147.031        6152.250        6151.688;
   845    7.482        6092.406        6113.188        6119.156        6119.063;
   846    7.491        6056.969        6079.625        6086.063        6086.375;
   847    7.499        6021.563        6046.250        6053.063        6053.750;
   848    7.508        5986.156        6012.844        6020.094        6021.219;
   849    7.517        5950.719        5979.656        5986.531        5987.500;
   850    7.526        5915.313        5946.375        5952.969        5954.094;
   851    7.535        5879.906        5912.750        5919.063        5920.125;
   852    7.544        5844.469        5879.094        5885.125        5886.031;
   853    7.553        5809.063        5845.250        5850.719        5850.969;
   854    7.561        5773.656        5811.656        5816.000        5815.438;
   855    7.570        5738.219        5778.313        5782.219        5781.375;
   856    7.579        5702.813        5744.813        5749.250        5748.938;
   857    7.588        5667.406        5711.344        5716.094        5716.188;
   858    7.597        5631.969        5677.594        5682.844        5683.156;
   859    7.606        5596.563        5643.750        5649.313        5649.969;
   860    7.615        5561.156        5609.813        5615.406        5616.375;
   861    7.623        5525.719        5576.031        5581.719        5582.781;
   862    7.632        5490.313        5542.438        5548.219        5549.438;
   863    7.641        5454.906        5508.938        5514.563        5515.719;
   864    7.650        5419.469        5475.594        5480.344        5481.125;
   865    7.659        5384.063        5441.906        5446.438        5446.750;
   866    7.668        5348.656        5407.906        5411.250        5410.406;
   867    7.677        5313.219        5373.781        5376.969        5375.906;
   868    7.685        5277.813        5339.813        5343.469        5342.656;
   869    7.694        5242.406        5305.969        5310.125        5309.531;
   870    7.703        5206.969        5272.156        5276.656        5276.500;
   871    7.712        5171.563        5238.594        5243.156        5242.813;
   872    7.721        5136.156        5204.906        5209.750        5209.344;
   873    7.730        5100.719        5171.281        5176.094        5175.906;
   874    7.739        5065.313        5137.344        5142.344        5142.313;
   875    7.747        5029.906        5103.469        5108.063        5107.969;
   876    7.756        4994.469        5069.469        5073.438        5072.594;
   877    7.765        4959.063        5035.563        5038.969        5037.688;
   878    7.774        4923.656        5001.688        5004.250        5002.094;
   879    7.783        4888.219        4968.000        4970.938        4968.875;
   880    7.792        4852.813        4934.313        4937.188        4935.281;
   881    7.801        4817.406        4900.375        4904.094        4903.063;
   882    7.809        4781.969        4866.563        4870.344        4869.563;
   883    7.818        4746.563        4832.438        4836.906        4836.719;
   884    7.827        4711.156        4798.500        4802.969        4802.906;
   885    7.836        4675.719        4764.469        4769.563        4769.938;
   886    7.845        4640.313        4730.875        4735.906        4736.563;
   887    7.854        4604.906        4697.219        4702.500        4703.313;
   888    7.863        4569.469        4663.656        4668.906        4669.594;
   889    7.871        4534.063        4629.875        4635.125        4635.344;
   890    7.880        4498.656        4595.906        4600.281        4599.750;
   891    7.889        4463.219        4561.688        4565.750        4565.125;
   892    7.898        4427.813        4527.469        4532.094        4531.813;
   893    7.907        4392.406        4493.250        4498.188        4497.750;
   894    7.916        4356.969        4459.250        4464.000        4464.250;
   895    7.924        4321.563        4425.313        4430.531        4431.000;
   896    7.933        4286.156        4391.438        4396.438        4397.156;
   897    7.942        4250.719        4357.375        4363.156        4364.219;
   898    7.951        4215.313        4323.156        4328.406        4329.000;
   899    7.960        4179.906        4288.844        4293.781        4294.281;
   900    7.969        4144.469        4254.813        4259.719        4260.125;
   901    7.978        4109.063        4220.813        4224.656        4224.094;
   902    7.986        4073.656        4187.063        4190.313        4189.313;
   903    7.995        4038.219        4153.188        4156.688        4156.188;
   904    8.004        4002.813        4119.406        4123.156        4122.906;
   905    8.013        3967.406        4085.281        4089.313        4089.375;
   906    8.022        3931.969        4051.094        4055.031        4055.219;
   907    8.031        3896.563        4016.719        4021.344        4022.031;
   908    8.040        3861.156        3982.563        3987.344        3988.000;
   909    8.048        3825.719        3948.375        3953.406        3954.063;
   910    8.057        3790.313        3914.656        3919.500        3920.219;
   911    8.066        3754.906        3880.781        3885.625        3886.250;
   912    8.075        3719.469        3847.063        3851.156        3851.156;
   913    8.084        3684.063        3813.000        3816.156        3815.406;
   914    8.093        3648.656        3778.969        3781.625        3780.375;
   915    8.102        3613.219        3744.875        3747.813        3746.563;
   916    8.110        3577.813        3711.094        3714.750        3713.938;
   917    8.119        3542.406        3677.375        3681.281        3680.875;
   918    8.128        3506.969        3643.719        3647.781        3647.750;
   919    8.137        3471.563        3610.250        3614.281        3614.469;
   920    8.146        3436.156        3576.531        3580.844        3581.375;
   921    8.155        3400.719        3542.719        3547.125        3547.750;
   922    8.164        3365.313        3508.563        3513.469        3514.000;
   923    8.172        3329.906        3474.656        3479.594        3479.906;
   924    8.181        3294.469        3440.813        3445.656        3445.469;
   925    8.190        3259.063        3407.375        3412.031        3411.500;
   926    8.199        3223.656        3374.125        3378.625        3377.688;
   927    8.208        3188.219        3340.719        3346.000        3345.531;
   928    8.217        3152.813        3307.469        3312.813        3312.938;
   929    8.226        3117.406        3273.969        3279.594        3280.094;
   930    8.234        3081.969        3240.281        3246.281        3247.000;
   931    8.243        3046.563        3206.563        3212.188        3213.219;
   932    8.252        3011.156        3172.750        3179.031        3180.406;
   933    8.261        2975.719        3139.250        3145.781        3147.156;
   934    8.270        2940.313        3105.750        3112.375        3113.625;
   935    8.279        2904.906        3072.250        3078.844        3079.594;
   936    8.288        2869.469        3038.844        3044.250        3044.469;
   937    8.296        2834.063        3005.125        3010.250        3009.625;
   938    8.305        2798.656        2971.250        2975.531        2974.813;
   939    8.314        2763.219        2937.344        2941.438        2940.469;
   940    8.323        2727.813        2903.594        2908.031        2907.500;
   941    8.332        2692.406        2870.000        2874.344        2873.781;
   942    8.341        2656.969        2836.406        2841.563        2841.594;
   943    8.349        2621.563        2803.125        2808.031        2808.500;
   944    8.358        2586.156        2769.531        2774.750        2775.281;
   945    8.367        2550.719        2735.781        2741.313        2742.094;
   946    8.376        2515.313        2701.938        2707.719        2708.438;
   947    8.385        2479.906        2668.000        2673.594        2673.625;
   948    8.394        2444.469        2634.219        2639.688        2639.563;
   949    8.403        2409.063        2600.438        2605.875        2605.281;
   950    8.411        2373.656        2566.875        2571.500        2570.094;
   951    8.420        2338.219        2533.188        2538.688        2537.563;
   952    8.429        2302.813        2499.438        2505.188        2504.531;
   953    8.438        2267.406        2465.563        2471.531        2471.281;
   954    8.447        2231.969        2431.688        2438.188        2438.375;
   955    8.456        2196.563        2397.781        2404.719        2405.281;
   956    8.465        2161.156        2363.938        2371.219        2371.938;
   957    8.473        2125.719        2330.375        2337.938        2338.813;
   958    8.482        2090.313        2296.719        2304.031        2305.188;
   959    8.491        2054.906        2263.125        2270.281        2271.438;
   960    8.500        2019.469        2229.281        2235.406        2235.938;
   961    8.509        1984.063        2195.250        2200.469        2200.406;
   962    8.518        1948.656        2161.063        2166.000        2165.625;
   963    8.527        1913.219        2126.969        2132.156        2132.469;
   964    8.535        1877.813        2092.844        2098.688        2099.375;
   965    8.544        1842.406        2059.125        2065.531        2066.594;
   966    8.553        1806.969        2025.531        2032.031        2033.531;
   967    8.562        1771.563        1991.969        1999.094        2001.031;
   968    8.571        1736.156        1958.156        1965.156        1967.063;
   969    8.580        1700.719        1923.906        1931.188        1933.469;
   970    8.589        1665.313        1889.500        1896.000        1898.000;
   971    8.597        1629.906        1855.125        1861.438        1863.625;
   972    8.606        1594.469        1820.875        1826.563        1828.406;
   973    8.615        1559.063        1786.938        1791.563        1793.000;
   974    8.624        1523.656        1752.844        1756.938        1757.875;
   975    8.633        1488.219        1718.781        1722.938        1723.875;
   976    8.642        1452.813        1684.375        1689.188        1690.625;
   977    8.651        1417.406        1650.000        1655.031        1657.156;
   978    8.659        1381.969        1615.531        1620.750        1623.250;
   979    8.668        1346.563        1581.156        1587.094        1589.938;
   980    8.677        1311.156        1546.906        1553.188        1556.406;
   981    8.686        1275.719        1512.781        1518.969        1522.531;
   982    8.695        1240.313        1478.875        1485.094        1488.938;
   983    8.704        1204.906        1444.813        1451.156        1454.656;
   984    8.713        1169.469        1410.750        1416.594        1419.969;
   985    8.721        1134.063        1376.219        1381.781        1384.750;
   986    8.730        1098.656        1341.625        1346.938        1349.688;
   987    8.739        1063.219        1307.156        1312.500        1315.500;
   988    8.748        1027.813        1272.969        1279.063        1282.469;
   989    8.757         992.406        1238.875        1246.000        1249.906;
   990    8.766         956.969        1204.688        1212.281        1216.406;
   991    8.774         921.563        1170.781        1178.750        1183.000;
   992    8.783         886.156        1136.500        1144.500        1149.188;
   993    8.792         850.719        1102.219        1109.969        1114.250;
   994    8.801         815.313        1067.844        1075.719        1079.656;
   995    8.810         779.906        1033.906        1041.156        1044.656;
   996    8.819         744.469        1000.188        1006.781        1009.844;
   997    8.828         709.063         966.688         972.875         975.750;
   998    8.836         673.656         932.969         939.063         941.781;
   999    8.845         638.219         899.156         905.094         907.781;
  1000    8.854         602.813         864.969         871.469         874.688;
  1001    8.863         567.406         830.844         837.438         840.969;
  1002    8.872         531.969         796.750         803.969         807.813;
  1003    8.881         496.563         762.938         770.219         774.125;
  1004    8.890         461.156         729.125         736.500         740.938;
  1005    8.898         425.719         695.531         702.844         707.250;
  1006    8.907         390.313         662.031         669.219         673.531;
  1007    8.916         354.906         628.313         635.313         639.063;
  1008    8.925         319.469         594.594         601.406         604.875;
  1009    8.934         284.063         560.625         566.875         569.688;
  1010    8.943         248.656         526.719         533.125         535.844;
  1011    8.952         213.219         492.813         499.656         502.719;
  1012    8.960         177.813         459.156         466.750         470.406;
  1013    8.969         142.406         425.563         433.188         437.219;
  1014    8.978         106.969         392.000         400.000         404.875;
  1015    8.987          71.563         358.281         366.406         371.750;
  1016    8.996          36.156         324.250         332.531         337.813;
  1017    9.005           0.969         290.219         298.531         303.500;
  1018    9.014           0.000         260.219         265.375         269.406;
  1019    9.022           0.000         247.875         250.219         252.031;
  1020    9.031           0.000         247.031         252.531         255.531;
  1021    9.040           0.000         252.000         255.094         256.125;
  1022    9.049           0.000         255.031         259.000         261.000;
  1023    9.058           0.000         257.000         259.281         261.000;
  1024    9.067           0.000         257.219         260.688         261.531;
  1025    9.076           0.000         258.313         261.000         262.063;
  1026    9.084           0.000         259.000         261.531         262.625;
  1027    9.093           0.000         260.031         262.469         263.844;
  1028    9.102           0.000         261.000         263.281         264.219;
  1029    9.111           0.000         261.563         264.000         264.813;
  1030    9.120           0.000         262.344         264.688         265.375;
  1031    9.129           0.000         263.125         265.375         266.156;
  1032    9.138           0.000         263.906         266.000         266.875;
  1033    9.146           0.000         264.844         266.656         267.406;
  1034    9.155           0.000         265.500         267.219         268.000;
  1035    9.164           0.000         266.000         267.813         268.313;
  1036    9.173           0.000         266.594         268.281         268.813;
  1037    9.182           0.000         267.031         268.844         269.094;
  1038    9.191           0.000         267.531         269.063         269.500;
  1039    9.199           0.000         268.000         269.500         269.906;
  1040    9.208           0.000         268.125         269.938         270.000;
  1041    9.217           0.000         268.500         270.000         270.125;
  1042    9.226           0.000         268.875         270.000         270.406;
  1043    9.235           0.000         269.000         270.188         270.656;
  1044    9.244           0.000         269.000         270.406         270.938;
  1045    9.253           0.000         269.031         270.625         271.000;
  1046    9.261           0.000         269.219         270.875         271.000;
  1047    9.270           0.000         269.406         271.000         271.094;
  1048    9.279           0.000         269.594         271.156         271.250;
  1049    9.288           0.000         270.281         271.375         271.406;
  1050    9.297           0.000         270.594         271.563         271.594;
  1051    9.306           0.000         270.906         271.781         271.750;
  1052    9.315           0.000         271.000         271.969         271.906;
  1053    9.323           0.000         271.000         272.000         272.000;
  1054    9.332           0.000         271.000         272.000         272.000;
  1055    9.341           0.000         271.000         272.000         272.000;
  1056    9.350           0.000         271.031         272.094         272.063;
  1057    9.359           0.000         271.188         272.219         272.188;
  1058    9.368           0.000         272.125         273.125         272.281;
  1059    9.377           0.000         272.656         273.563         273.375;
  1060    9.385           0.000         273.000         273.969         273.750;
  1061    9.394           0.000         273.000         274.000         274.000;
  1062    9.403           0.000         273.000         274.000         274.000;
  1063    9.412           0.000         273.000         274.000         274.000;
  1064    9.421           0.000         273.000         274.000         274.000;
  1065    9.430           0.000         273.031         274.000         274.000;
  1066    9.439           0.000         273.188         274.094         274.063;
  1067    9.447           0.000         273.313         274.219         274.188;
  1068    9.456           0.000         274.219         274.344         274.313;
  1069    9.465           0.000         274.594         275.219         274.469;
  1070    9.474           0.000         275.000         275.563         275.125;
  1071    9.483           0.000         275.000         275.906         275.375;
  1072    9.492           0.000         275.000         276.000         275.625;
  1073    9.501           0.000         275.000         276.000         275.875;
  1074    9.509           0.000         275.000         276.000         276.000;
  1075    9.518           0.000         275.000         276.000         276.000;
  1076    9.527           0.000         275.000         276.000         276.000;
  1077    9.536           0.000         275.000         276.000         276.000;
  1078    9.545           0.000         275.063         276.000         276.000;
  1079    9.554           0.000         275.156         276.063         276.000;
  1080    9.563           0.000         276.281         276.156         276.094;
  1081    9.571           0.000         276.813         276.281         276.219;
  1082    9.580           0.000         277.000         276.375         276.313;
  1083    9.589           0.000         277.000         276.469         276.406;
  1084    9.598           0.000         277.000         276.563         276.531;
  1085    9.607           0.000         277.000         276.656         276.625;
  1086    9.616           0.000         277.000         276.781         276.719;
  1087    9.624           0.000         277.000         276.875         276.844;
  1088    9.633           0.000         277.000         276.969         276.938;
  1089    9.642           0.000         277.000         277.000         277.000;
  1090    9.651           0.000         277.000         277.063         277.000;
  1091    9.660           0.000         277.031         277.156         277.031;
  1092    9.669           0.000         277.125         277.219         277.094;
  1093    9.678           0.000         278.063         278.313         277.188;
  1094    9.686           0.000         278.500         278.688         278.219;
  1095    9.695           0.000         278.938         279.000         278.594;
  1096    9.704           0.000         279.000         279.000         279.000;
  1097    9.713           0.000         279.000         279.000         279.000;
  1098    9.722           0.000         279.000         279.000         279.000;
  1099    9.731           0.000         279.000         279.000         279.000;
  1100    9.740           0.000         279.000         279.000         279.000;
  1101    9.748           0.000         279.000         279.000         279.000;
  1102    9.757           0.000         279.000         279.000         279.000;
  1103    9.766           0.000         279.000         279.000         279.000;
  1104    9.775           0.000         279.000         279.000         279.000;
  1105    9.784           0.000         279.000         279.000         279.000;
  1106    9.793           0.000         279.000         279.000         279.000;
  1107    9.802           0.000         279.031         279.094         279.000;
  1108    9.810           0.000         279.125         279.156         279.063;
  1109    9.819           0.000         280.188         280.438         279.125;
  1110    9.828           0.000         280.688         280.906         279.188;
  1111    9.837           0.000         281.000         281.000         279.281;
  1112    9.846           0.000         281.000         281.000         279.344;
  1113    9.855           0.000         281.000         281.000         279.406;
  1114    9.864           0.000         281.000         281.000         279.500;
  1115    9.872           0.000         281.000         281.000         279.563;
  1116    9.881           0.000         281.000         281.000         279.625;
  1117    9.890           0.000         281.000         281.000         279.719;
  1118    9.899           0.000         281.000         281.000         279.781;
  1119    9.908           0.000         281.000         281.000         279.844;
  1120    9.917           0.000         281.000         281.000         279.906;
  1121    9.926           0.000         281.000         281.000         280.000;
  1122    9.934           0.000         281.000         281.000         280.000;
  1123    9.943           0.000         281.000         281.000         280.000;
  1124    9.952           0.000         281.000         281.031         280.063;
  1125    9.961           0.000         281.094         281.094         280.125;
  1126    9.970           0.000         281.156         281.156         281.063;
  1127    9.979           0.000         282.219         282.188         281.438;
  1128    9.988           0.000         282.625         282.531         281.813;
  1129    9.996           0.000         283.000         282.906         282.000]
