 Sample   Time     Commanded Pos   Encoder 1 Pos   Encoder 2 Pos   Encoder 3 Pos 

[    0    0.000           0.000           6.531           7.000           6.000;
     1    0.009          26.313           7.031           7.000           6.000;
     2    0.018          61.750          34.000          24.000          18.813;
     3    0.027          97.156          76.250          73.125          70.063;
     4    0.035         132.563         114.156         111.000         106.500;
     5    0.044         168.000         147.750         142.406         136.094;
     6    0.053         203.406         183.156         175.469         167.938;
     7    0.062         238.813         218.781         210.500         202.969;
     8    0.071         274.250         253.094         244.531         236.656;
     9    0.080         309.656         287.094         279.188         271.406;
    10    0.089         345.063         321.875         313.344         305.656;
    11    0.097         380.500         356.625         348.594         341.563;
    12    0.106         415.906         391.281         383.094         375.906;
    13    0.115         451.313         426.063         417.656         410.781;
    14    0.124         486.750         460.781         452.313         444.938;
    15    0.133         522.156         495.531         487.156         479.438;
    16    0.142         557.563         530.188         521.375         513.625;
    17    0.151         593.000         564.844         555.438         547.344;
    18    0.159         628.406         599.469         589.844         581.313;
    19    0.168         663.813         634.125         624.500         615.688;
    20    0.177         699.250         668.656         658.875         650.000;
    21    0.186         734.656         703.406         693.813         684.938;
    22    0.195         770.063         738.188         728.344         719.375;
    23    0.204         805.500         772.625         763.094         754.031;
    24    0.213         840.906         807.063         797.688         788.219;
    25    0.221         876.313         841.719         832.000         822.531;
    26    0.230         911.750         876.188         866.438         856.906;
    27    0.239         947.156         910.531         900.531         891.000;
    28    0.248         982.563         944.781         934.406         924.094;
    29    0.257        1018.000         979.469         968.500         958.156;
    30    0.266        1053.406        1014.000        1002.750         992.313;
    31    0.274        1088.813        1048.281        1036.594        1026.250;
    32    0.283        1124.250        1082.938        1071.094        1060.719;
    33    0.292        1159.656        1117.469        1105.625        1095.438;
    34    0.301        1195.063        1151.781        1140.125        1130.188;
    35    0.310        1230.500        1186.219        1175.188        1165.375;
    36    0.319        1265.906        1220.594        1209.438        1199.906;
    37    0.328        1301.313        1255.125        1243.844        1234.344;
    38    0.336        1336.750        1289.469        1278.156        1268.031;
    39    0.345        1372.156        1323.719        1311.750        1301.031;
    40    0.354        1407.563        1358.188        1345.719        1334.906;
    41    0.363        1443.000        1392.500        1379.906        1368.656;
    42    0.372        1478.406        1427.000        1414.438        1403.281;
    43    0.381        1513.813        1461.500        1448.750        1437.938;
    44    0.390        1549.250        1495.844        1483.406        1472.813;
    45    0.398        1584.656        1530.375        1518.156        1507.656;
    46    0.407        1620.063        1564.750        1552.875        1543.000;
    47    0.416        1655.500        1599.219        1587.781        1578.000;
    48    0.425        1690.906        1633.750        1622.625        1612.406;
    49    0.434        1726.313        1668.000        1657.219        1647.156;
    50    0.443        1761.750        1702.313        1691.594        1681.250;
    51    0.452        1797.156        1736.406        1725.594        1714.875;
    52    0.460        1832.563        1770.813        1759.594        1748.406;
    53    0.469        1868.000        1805.344        1793.656        1782.438;
    54    0.478        1903.406        1839.781        1828.313        1816.781;
    55    0.487        1938.813        1874.469        1862.719        1850.719;
    56    0.496        1974.250        1909.031        1897.156        1885.344;
    57    0.505        2009.656        1943.469        1931.563        1919.531;
    58    0.514        2045.063        1978.000        1966.563        1954.688;
    59    0.522        2080.500        2012.188        2000.906        1989.188;
    60    0.531        2115.906        2046.625        2035.094        2023.000;
    61    0.540        2151.313        2081.094        2069.406        2056.813;
    62    0.549        2186.750        2115.625        2103.438        2090.625;
    63    0.558        2222.156        2150.094        2137.250        2124.063;
    64    0.567        2257.563        2184.313        2171.188        2157.656;
    65    0.576        2293.000        2218.844        2205.188        2191.188;
    66    0.584        2328.406        2253.188        2239.438        2225.625;
    67    0.593        2363.813        2287.469        2273.688        2260.188;
    68    0.602        2399.250        2322.156        2308.125        2294.906;
    69    0.611        2434.656        2356.844        2343.656        2331.000;
    70    0.620        2470.063        2391.656        2378.469        2366.469;
    71    0.629        2505.500        2426.469        2413.375        2401.469;
    72    0.638        2540.906        2461.188        2448.750        2437.188;
    73    0.646        2576.313        2495.750        2483.188        2471.156;
    74    0.655        2611.750        2530.438        2517.125        2504.500;
    75    0.664        2647.156        2564.844        2551.594        2538.563;
    76    0.673        2682.563        2599.438        2585.781        2572.500;
    77    0.682        2718.000        2634.250        2620.375        2606.938;
    78    0.691        2753.406        2669.094        2655.594        2642.188;
    79    0.699        2788.813        2703.875        2690.031        2676.563;
    80    0.708        2824.250        2738.719        2725.375        2712.094;
    81    0.717        2859.656        2773.344        2760.563        2747.688;
    82    0.726        2895.063        2807.906        2796.125        2783.875;
    83    0.735        2930.500        2842.875        2831.156        2819.000;
    84    0.744        2965.906        2877.656        2865.031        2852.344;
    85    0.753        3001.313        2912.375        2899.594        2886.688;
    86    0.761        3036.750        2947.219        2933.688        2920.125;
    87    0.770        3072.156        2981.938        2968.281        2954.406;
    88    0.779        3107.563        3016.375        3002.844        2988.594;
    89    0.788        3143.000        3050.906        3036.906        3022.250;
    90    0.797        3178.406        3085.219        3071.688        3057.250;
    91    0.806        3213.813        3119.625        3106.250        3092.438;
    92    0.815        3249.250        3154.406        3141.344        3128.125;
    93    0.823        3284.656        3189.094        3176.406        3163.656;
    94    0.832        3320.063        3223.781        3211.031        3198.594;
    95    0.841        3355.500        3258.563        3245.406        3232.719;
    96    0.850        3390.906        3293.094        3279.250        3265.906;
    97    0.859        3426.313        3327.406        3313.094        3299.156;
    98    0.868        3461.750        3361.813        3347.031        3332.531;
    99    0.877        3497.156        3396.281        3381.469        3366.625;
   100    0.885        3532.563        3431.031        3416.000        3401.031;
   101    0.894        3568.000        3465.688        3450.438        3435.469;
   102    0.903        3603.406        3500.156        3484.938        3469.813;
   103    0.912        3638.813        3534.688        3520.063        3505.500;
   104    0.921        3674.250        3568.844        3554.875        3540.656;
   105    0.930        3709.656        3603.250        3589.969        3576.188;
   106    0.939        3745.063        3637.781        3624.500        3610.375;
   107    0.947        3780.500        3672.250        3658.469        3643.719;
   108    0.956        3815.906        3707.000        3692.656        3677.500;
   109    0.965        3851.313        3741.594        3727.094        3711.594;
   110    0.974        3886.750        3776.094        3761.469        3746.188;
   111    0.983        3922.156        3810.594        3795.250        3779.406;
   112    0.992        3957.563        3844.781        3829.594        3813.688;
   113    1.001        3993.000        3879.000        3863.969        3847.938;
   114    1.009        4028.406        3913.281        3898.375        3882.750;
   115    1.018        4063.813        3947.594        3933.563        3918.375;
   116    1.027        4099.250        3982.188        3968.875        3954.219;
   117    1.036        4134.656        4016.625        4004.094        3989.344;
   118    1.045        4170.063        4051.375        4038.875        4023.469;
   119    1.054        4205.500        4085.938        4072.625        4057.031;
   120    1.063        4240.906        4120.188        4106.844        4091.000;
   121    1.071        4276.313        4154.625        4140.406        4123.625;
   122    1.080        4311.750        4188.938        4174.625        4157.469;
   123    1.089        4347.156        4223.438        4208.813        4191.313;
   124    1.098        4382.563        4258.031        4243.219        4225.719;
   125    1.107        4418.000        4292.438        4277.875        4260.125;
   126    1.116        4453.406        4326.875        4312.375        4294.750;
   127    1.124        4488.813        4360.906        4346.875        4329.750;
   128    1.133        4524.250        4395.125        4381.375        4364.375;
   129    1.142        4559.656        4429.344        4415.563        4398.219;
   130    1.151        4595.063        4463.781        4449.750        4432.031;
   131    1.160        4630.500        4498.469        4483.813        4465.406;
   132    1.169        4665.906        4533.125        4518.094        4499.219;
   133    1.178        4701.313        4567.594        4552.000        4532.906;
   134    1.186        4736.750        4602.125        4586.219        4567.000;
   135    1.195        4772.156        4636.406        4620.406        4601.063;
   136    1.204        4807.563        4670.844        4654.844        4635.063;
   137    1.213        4843.000        4705.094        4689.219        4669.719;
   138    1.222        4878.406        4739.500        4724.906        4706.406;
   139    1.231        4913.813        4774.063        4760.188        4742.188;
   140    1.240        4949.250        4808.500        4795.188        4777.656;
   141    1.248        4984.656        4843.156        4829.469        4811.406;
   142    1.257        5020.063        4877.719        4863.750        4845.438;
   143    1.266        5055.500        4912.156        4897.375        4878.781;
   144    1.275        5090.906        4946.656        4931.156        4912.031;
   145    1.284        5126.313        4981.125        4965.594        4946.344;
   146    1.293        5161.750        5015.813        5000.156        4980.594;
   147    1.302        5197.156        5050.781        5035.219        5015.719;
   148    1.310        5232.563        5085.563        5069.938        5050.406;
   149    1.319        5268.000        5120.156        5105.250        5086.406;
   150    1.328        5303.406        5154.844        5140.594        5122.375;
   151    1.337        5338.813        5189.250        5175.219        5157.125;
   152    1.346        5374.250        5223.563        5209.313        5191.281;
   153    1.355        5409.656        5258.125        5242.781        5223.969;
   154    1.364        5445.063        5292.594        5277.938        5259.031;
   155    1.372        5480.500        5327.250        5311.625        5292.094;
   156    1.381        5515.906        5362.000        5346.094        5326.625;
   157    1.390        5551.313        5396.594        5380.625        5361.094;
   158    1.399        5586.750        5431.250        5415.625        5395.906;
   159    1.408        5622.156        5465.938        5450.031        5430.281;
   160    1.417        5657.563        5500.406        5485.250        5465.906;
   161    1.426        5693.000        5535.188        5520.688        5502.031;
   162    1.434        5728.406        5570.000        5556.375        5538.656;
   163    1.443        5763.813        5604.781        5592.250        5575.188;
   164    1.452        5799.250        5639.563        5627.094        5610.250;
   165    1.461        5834.656        5674.125        5660.719        5643.188;
   166    1.470        5870.063        5708.375        5694.875        5676.719;
   167    1.479        5905.500        5742.719        5729.031        5710.969;
   168    1.488        5940.906        5776.875        5762.875        5744.469;
   169    1.496        5976.313        5811.563        5797.469        5778.906;
   170    1.505        6011.750        5846.375        5832.219        5813.406;
   171    1.514        6047.156        5880.844        5866.656        5847.844;
   172    1.523        6082.563        5915.625        5902.063        5883.438;
   173    1.532        6118.000        5950.188        5937.125        5919.188;
   174    1.541        6153.406        5984.406        5972.250        5955.031;
   175    1.549        6188.813        6019.125        6007.469        5990.500;
   176    1.558        6224.250        6053.750        6041.531        6024.469;
   177    1.567        6259.656        6088.219        6076.000        6058.563;
   178    1.576        6295.063        6122.938        6110.031        6091.906;
   179    1.585        6330.500        6157.313        6144.844        6126.844;
   180    1.594        6365.906        6191.500        6178.781        6160.438;
   181    1.603        6401.313        6226.000        6213.844        6195.625;
   182    1.611        6436.750        6260.250        6248.000        6229.406;
   183    1.620        6472.156        6294.813        6282.844        6264.813;
   184    1.629        6507.563        6329.313        6316.969        6298.969;
   185    1.638        6543.000        6363.969        6352.500        6335.000;
   186    1.647        6578.406        6398.750        6387.563        6370.500;
   187    1.656        6613.813        6433.313        6422.344        6405.250;
   188    1.665        6649.250        6467.750        6456.188        6438.625;
   189    1.673        6684.656        6502.031        6490.344        6472.625;
   190    1.682        6720.063        6536.063        6524.094        6506.000;
   191    1.691        6755.500        6570.594        6558.563        6539.906;
   192    1.700        6790.906        6604.844        6591.906        6572.531;
   193    1.709        6826.313        6639.219        6625.656        6606.250;
   194    1.718        6861.750        6673.813        6659.625        6640.188;
   195    1.727        6897.156        6708.250        6694.688        6675.375;
   196    1.735        6932.563        6742.813        6729.094        6710.156;
   197    1.744        6968.000        6777.219        6764.344        6746.344;
   198    1.753        7003.406        6811.625        6799.344        6781.563;
   199    1.762        7038.813        6846.125        6833.688        6815.844;
   200    1.771        7074.250        6880.563        6868.000        6849.688;
   201    1.780        7109.656        6915.344        6902.500        6883.563;
   202    1.789        7145.063        6949.906        6936.625        6917.500;
   203    1.797        7180.500        6984.219        6970.781        6951.344;
   204    1.806        7215.906        7018.719        7004.781        6985.219;
   205    1.815        7251.313        7052.875        7038.813        7019.000;
   206    1.824        7286.750        7087.000        7072.563        7052.781;
   207    1.833        7322.156        7121.406        7106.875        7087.313;
   208    1.842        7357.563        7156.156        7142.469        7123.250;
   209    1.851        7393.000        7191.000        7178.188        7160.156;
   210    1.859        7428.406        7225.625        7213.688        7195.844;
   211    1.868        7463.813        7260.188        7248.000        7229.719;
   212    1.877        7499.250        7294.875        7282.750        7264.594;
   213    1.886        7534.656        7329.188        7316.438        7297.938;
   214    1.895        7570.063        7363.469        7350.469        7331.375;
   215    1.904        7605.500        7398.156        7384.906        7366.250;
   216    1.913        7640.906        7432.719        7418.969        7399.875;
   217    1.921        7676.313        7467.406        7453.406        7434.375;
   218    1.930        7711.750        7501.844        7487.969        7469.313;
   219    1.939        7747.156        7536.438        7523.563        7506.031;
   220    1.948        7782.563        7571.219        7559.281        7542.594;
   221    1.957        7818.000        7605.750        7594.031        7578.000;
   222    1.966        7853.406        7640.281        7629.219        7613.469;
   223    1.974        7888.813        7675.281        7663.844        7647.875;
   224    1.983        7924.250        7710.281        7698.844        7682.906;
   225    1.992        7959.656        7745.125        7733.156        7716.719;
   226    2.001        7995.063        7779.906        7767.094        7750.469;
   227    2.010        8030.500        7814.656        7800.688        7784.188;
   228    2.019        8065.906        7849.125        7834.781        7818.406;
   229    2.028        8101.313        7883.594        7868.781        7852.438;
   230    2.036        8136.750        7918.281        7903.688        7887.563;
   231    2.045        8172.156        7953.313        7939.156        7923.938;
   232    2.054        8207.563        7988.281        7975.656        7961.500;
   233    2.063        8243.000        8023.281        8010.938        7997.219;
   234    2.072        8278.406        8058.156        8045.625        8031.469;
   235    2.081        8313.813        8092.969        8080.375        8066.000;
   236    2.090        8349.250        8127.688        8115.031        8100.219;
   237    2.098        8384.656        8162.438        8149.719        8134.781;
   238    2.107        8420.063        8197.188        8184.313        8169.313;
   239    2.116        8455.500        8232.094        8218.969        8203.625;
   240    2.125        8490.906        8267.156        8253.813        8238.406;
   241    2.134        8526.313        8301.844        8288.469        8273.500;
   242    2.143        8561.750        8336.375        8324.031        8309.719;
   243    2.152        8597.156        8371.094        8359.750        8346.188;
   244    2.160        8632.563        8405.656        8395.188        8382.500;
   245    2.169        8668.000        8439.938        8430.344        8417.719;
   246    2.178        8703.406        8474.750        8465.031        8451.938;
   247    2.187        8738.813        8509.656        8499.719        8486.500;
   248    2.196        8774.250        8544.344        8534.406        8520.781;
   249    2.205        8809.656        8579.031        8568.688        8555.094;
   250    2.214        8845.063        8613.750        8602.656        8588.906;
   251    2.222        8880.500        8648.188        8636.750        8622.969;
   252    2.231        8915.906        8682.625        8671.063        8657.375;
   253    2.240        8951.313        8717.219        8705.281        8691.688;
   254    2.249        8986.750        8752.063        8740.594        8727.594;
   255    2.258        9022.156        8786.906        8776.750        8764.719;
   256    2.267        9057.563        8821.594        8812.688        8801.375;
   257    2.276        9093.000        8856.125        8847.906        8836.219;
   258    2.284        9128.406        8890.750        8881.969        8870.063;
   259    2.293        9163.813        8925.250        8916.125        8903.875;
   260    2.302        9199.250        8959.563        8949.906        8937.344;
   261    2.311        9234.656        8994.406        8984.219        8971.438;
   262    2.320        9270.063        9029.188        9018.500        9005.563;
   263    2.329        9305.500        9063.688        9052.563        9039.563;
   264    2.338        9340.906        9098.438        9087.156        9074.219;
   265    2.346        9376.313        9133.188        9121.750        9109.375;
   266    2.355        9411.750        9167.594        9157.438        9145.813;
   267    2.364        9447.156        9202.000        9192.656        9181.438;
   268    2.373        9482.563        9236.281        9227.844        9217.063;
   269    2.382        9518.000        9270.906        9262.906        9251.969;
   270    2.391        9553.406        9305.469        9296.625        9285.531;
   271    2.399        9588.813        9340.000        9330.656        9319.313;
   272    2.408        9624.250        9374.688        9365.313        9353.938;
   273    2.417        9659.656        9409.313        9399.500        9387.719;
   274    2.426        9695.063        9443.844        9433.313        9421.438;
   275    2.435        9730.500        9478.406        9467.844        9456.125;
   276    2.444        9765.906        9512.906        9502.750        9491.063;
   277    2.453        9801.313        9547.750        9538.281        9527.188;
   278    2.461        9836.750        9582.656        9574.000        9563.406;
   279    2.470        9872.156        9617.188        9609.438        9599.719;
   280    2.479        9907.563        9651.813        9644.375        9634.656;
   281    2.488        9943.000        9686.438        9678.875        9668.750;
   282    2.497        9978.406        9720.688        9712.563        9702.313;
   283    2.506       10013.813        9755.063        9745.875        9735.281;
   284    2.515       10049.250        9789.656        9779.531        9768.531;
   285    2.523       10084.656        9824.313        9814.313        9803.094;
   286    2.532       10120.063        9859.031        9848.688        9837.406;
   287    2.541       10155.500        9893.844        9884.094        9873.344;
   288    2.550       10190.906        9928.438        9919.844        9909.531;
   289    2.559       10226.313        9963.125        9955.000        9945.125;
   290    2.568       10261.750        9997.781        9991.031        9981.625;
   291    2.577       10297.156       10032.406       10026.844       10018.125;
   292    2.585       10332.563       10067.125       10061.906       10052.844;
   293    2.594       10368.000       10101.781       10096.500       10087.250;
   294    2.603       10403.406       10136.313       10131.063       10121.438;
   295    2.612       10438.813       10171.000       10165.156       10154.938;
   296    2.621       10474.250       10205.656       10199.188       10188.469;
   297    2.630       10509.656       10240.219       10232.781       10221.750;
   298    2.639       10545.063       10274.813       10266.938       10255.719;
   299    2.647       10580.500       10309.500       10301.375       10290.188;
   300    2.656       10615.906       10344.375       10336.750       10325.531;
   301    2.665       10651.313       10379.500       10373.656       10363.063;
   302    2.674       10686.750       10414.406       10409.156       10399.000;
   303    2.683       10722.156       10449.219       10444.844       10435.031;
   304    2.692       10757.563       10484.156       10480.063       10470.188;
   305    2.701       10793.000       10518.938       10514.719       10504.406;
   306    2.709       10828.406       10553.500       10548.969       10538.438;
   307    2.718       10863.813       10588.156       10582.625       10571.406;
   308    2.727       10899.250       10623.000       10616.938       10605.625;
   309    2.736       10934.656       10657.844       10651.250       10639.625;
   310    2.745       10970.063       10692.688       10686.250       10674.719;
   311    2.754       11005.500       10727.531       10721.094       10709.969;
   312    2.763       11040.906       10762.313       10757.344       10746.906;
   313    2.771       11076.313       10797.156       10792.813       10782.969;
   314    2.780       11111.750       10831.906       10828.188       10818.344;
   315    2.789       11147.156       10866.875       10863.563       10853.625;
   316    2.798       11182.563       10901.938       10898.594       10888.500;
   317    2.807       11218.000       10936.844       10933.188       10922.594;
   318    2.816       11253.406       10971.656       10967.906       10957.156;
   319    2.824       11288.813       11006.469       11001.875       10991.000;
   320    2.833       11324.250       11040.750       11035.906       11024.719;
   321    2.842       11359.656       11075.156       11069.531       11058.000;
   322    2.851       11395.063       11109.813       11104.750       11093.563;
   323    2.860       11430.500       11144.656       11140.281       11129.531;
   324    2.869       11465.906       11179.531       11176.156       11165.781;
   325    2.878       11501.313       11214.500       11211.844       11202.000;
   326    2.886       11536.750       11249.375       11247.188       11237.094;
   327    2.895       11572.156       11284.219       11282.656       11272.938;
   328    2.904       11607.563       11319.031       11316.375       11306.156;
   329    2.913       11643.000       11353.719       11350.813       11340.094;
   330    2.922       11678.406       11388.344       11384.406       11373.406;
   331    2.931       11713.813       11423.156       11419.063       11407.750;
   332    2.940       11749.250       11458.031       11453.625       11441.969;
   333    2.948       11784.656       11492.813       11488.531       11477.250;
   334    2.957       11820.063       11527.563       11523.500       11512.344;
   335    2.966       11855.500       11562.250       11558.938       11547.969;
   336    2.975       11890.906       11596.781       11594.625       11584.500;
   337    2.984       11926.313       11631.313       11629.844       11619.656;
   338    2.993       11961.750       11666.219       11664.906       11655.156;
   339    3.002       11997.156       11701.188       11699.938       11690.063;
   340    3.010       12032.563       11735.906       11734.125       11723.375;
   341    3.019       12068.000       11770.719       11768.156       11756.875;
   342    3.028       12103.406       11805.500       11802.125       11790.813;
   343    3.037       12138.813       11839.938       11836.250       11824.906;
   344    3.046       12174.250       11874.375       11870.250       11858.719;
   345    3.055       12209.656       11908.844       11904.844       11893.625;
   346    3.064       12245.063       11943.406       11939.406       11928.125;
   347    3.072       12280.500       11978.125       11974.906       11963.906;
   348    3.081       12315.906       12012.938       12009.719       11999.156;
   349    3.090       12351.313       12047.688       12045.563       12035.219;
   350    3.099       12386.750       12082.313       12080.281       12069.813;
   351    3.108       12422.156       12116.938       12115.000       12104.250;
   352    3.117       12457.563       12151.500       12149.656       12138.469;
   353    3.126       12493.000       12186.125       12183.969       12172.031;
   354    3.134       12528.406       12220.938       12218.750       12206.750;
   355    3.143       12563.813       12255.719       12253.313       12241.031;
   356    3.152       12599.250       12290.500       12288.125       12275.813;
   357    3.161       12634.656       12325.188       12324.000       12312.375;
   358    3.170       12670.063       12359.750       12359.219       12347.563;
   359    3.179       12705.500       12394.281       12394.438       12383.188;
   360    3.188       12740.906       12428.875       12430.125       12419.250;
   361    3.196       12776.313       12463.688       12464.500       12453.531;
   362    3.205       12811.750       12498.750       12500.094       12489.469;
   363    3.214       12847.156       12533.750       12534.844       12523.500;
   364    3.223       12882.563       12568.625       12568.969       12557.188;
   365    3.232       12918.000       12603.438       12602.938       12590.750;
   366    3.241       12953.406       12638.063       12636.813       12624.313;
   367    3.249       12988.813       12672.531       12671.469       12659.000;
   368    3.258       13024.250       12707.250       12706.406       12694.313;
   369    3.267       13059.656       12742.188       12741.906       12730.156;
   370    3.276       13095.063       12777.188       12777.125       12765.313;
   371    3.285       13130.500       12812.063       12812.656       12801.344;
   372    3.294       13165.906       12847.000       12847.594       12836.063;
   373    3.303       13201.313       12881.938       12882.594       12871.313;
   374    3.311       13236.750       12916.656       12917.156       12905.969;
   375    3.320       13272.156       12951.469       12951.375       12939.469;
   376    3.329       13307.563       12986.344       12984.906       12972.313;
   377    3.338       13343.000       13021.281       13019.406       13006.438;
   378    3.347       13378.406       13056.313       13054.656       13041.594;
   379    3.356       13413.813       13091.406       13089.656       13076.469;
   380    3.365       13449.250       13126.375       13125.250       13112.563;
   381    3.373       13484.656       13161.219       13160.531       13148.188;
   382    3.382       13520.063       13196.156       13195.656       13183.594;
   383    3.391       13555.500       13231.094       13230.875       13219.000;
   384    3.400       13590.906       13266.031       13265.563       13253.906;
   385    3.409       13626.313       13301.094       13300.688       13289.156;
   386    3.418       13661.750       13336.219       13335.531       13323.406;
   387    3.427       13697.156       13371.375       13369.906       13357.500;
   388    3.435       13732.563       13406.313       13404.438       13391.531;
   389    3.444       13768.000       13441.219       13439.281       13426.094;
   390    3.453       13803.406       13476.125       13474.125       13460.875;
   391    3.462       13838.813       13511.156       13509.406       13496.375;
   392    3.471       13874.250       13546.281       13544.750       13532.250;
   393    3.480       13909.656       13581.531       13580.406       13568.281;
   394    3.489       13945.063       13616.625       13615.719       13603.500;
   395    3.497       13980.500       13651.500       13650.344       13638.344;
   396    3.506       14015.906       13686.344       13684.500       13672.094;
   397    3.515       14051.313       13721.063       13718.938       13705.906;
   398    3.524       14086.750       13755.625       13753.063       13739.625;
   399    3.533       14122.156       13790.406       13787.094       13773.250;
   400    3.542       14157.563       13825.313       13821.375       13807.125;
   401    3.551       14193.000       13860.219       13856.500       13842.406;
   402    3.559       14228.406       13895.156       13891.219       13876.594;
   403    3.568       14263.813       13930.000       13926.438       13912.313;
   404    3.577       14299.250       13964.719       13960.625       13946.719;
   405    3.586       14334.656       13999.438       13995.500       13981.344;
   406    3.595       14370.063       14034.094       14030.125       14016.094;
   407    3.604       14405.500       14068.844       14063.688       14049.313;
   408    3.613       14440.906       14103.688       14098.531       14084.375;
   409    3.621       14476.313       14138.531       14133.063       14119.000;
   410    3.630       14511.750       14173.313       14167.625       14153.375;
   411    3.639       14547.156       14207.813       14201.594       14187.031;
   412    3.648       14582.563       14242.281       14236.125       14221.406;
   413    3.657       14618.000       14276.688       14271.156       14256.406;
   414    3.666       14653.406       14311.250       14305.688       14291.000;
   415    3.674       14688.813       14346.063       14340.875       14326.469;
   416    3.683       14724.250       14380.906       14376.250       14362.031;
   417    3.692       14759.656       14415.719       14410.844       14396.719;
   418    3.701       14795.063       14450.469       14445.313       14431.375;
   419    3.710       14830.500       14484.813       14479.719       14466.031;
   420    3.719       14865.906       14519.063       14513.188       14499.094;
   421    3.728       14901.313       14553.500       14547.063       14532.406;
   422    3.736       14936.750       14587.875       14581.500       14566.594;
   423    3.745       14972.156       14622.375       14616.156       14601.031;
   424    3.754       15007.563       14656.844       14650.594       14635.344;
   425    3.763       15043.000       14691.500       14685.094       14669.656;
   426    3.772       15078.406       14726.188       14720.594       14705.844;
   427    3.781       15113.813       14760.719       14755.500       14740.906;
   428    3.790       15149.250       14795.313       14790.469       14776.125;
   429    3.798       15184.656       14829.906       14824.750       14810.875;
   430    3.807       15220.063       14864.344       14859.125       14845.375;
   431    3.816       15255.500       14899.031       14893.875       14879.875;
   432    3.825       15290.906       14933.813       14927.875       14913.469;
   433    3.834       15326.313       14968.281       14961.938       14947.438;
   434    3.843       15361.750       15002.656       14995.750       14980.875;
   435    3.852       15397.156       15037.000       15030.094       15015.031;
   436    3.860       15432.563       15071.313       15064.313       15049.188;
   437    3.869       15468.000       15105.781       15098.875       15083.688;
   438    3.878       15503.406       15140.250       15134.094       15119.094;
   439    3.887       15538.813       15174.969       15168.938       15154.281;
   440    3.896       15574.250       15209.625       15204.438       15189.906;
   441    3.905       15609.656       15244.281       15239.313       15224.594;
   442    3.914       15645.063       15279.031       15274.188       15259.594;
   443    3.922       15680.500       15313.656       15308.344       15293.563;
   444    3.931       15715.906       15348.063       15342.375       15327.000;
   445    3.940       15751.313       15382.688       15376.500       15361.219;
   446    3.949       15786.750       15417.313       15410.406       15394.625;
   447    3.958       15822.156       15451.969       15444.813       15429.406;
   448    3.967       15857.563       15486.656       15479.344       15463.875;
   449    3.976       15893.000       15521.250       15513.906       15499.125;
   450    3.984       15928.406       15555.813       15548.844       15534.375;
   451    3.993       15963.813       15590.438       15584.000       15570.031;
   452    4.002       15999.063       15625.063       15618.781       15604.531;
   453    4.011       16000.000       15654.219       15652.000       15639.000;
   454    4.020       16000.000       15659.531       15661.000       15649.531;
   455    4.029       16000.000       15650.031       15647.438       15635.219;
   456    4.038       16000.000       15647.031       15646.031       15634.031;
   457    4.046       16000.000       15650.375       15647.531       15635.531;
   458    4.055       16000.000       15652.000       15650.000       15638.000;
   459    4.064       16000.000       15650.531       15650.000       15638.000;
   460    4.073       16000.000       15649.031       15648.531       15638.000;
   461    4.082       16000.000       15649.031       15648.531       15638.000;
   462    4.091       16000.000       15649.031       15648.531       15638.000;
   463    4.099       16000.000       15649.031       15648.531       15638.000;
   464    4.108       16000.000       15649.031       15648.531       15638.000;
   465    4.117       16000.000       15649.031       15648.531       15638.000;
   466    4.126       16000.000       15649.031       15648.531       15638.000;
   467    4.135       16000.000       15649.031       15648.531       15638.000;
   468    4.144       16000.000       15649.031       15648.531       15638.000;
   469    4.153       16000.000       15648.000       15648.000       15638.000;
   470    4.161       16000.000       15647.031       15647.906       15636.531;
   471    4.170       16000.000       15647.031       15647.781       15636.531;
   472    4.179       16000.000       15647.031       15647.688       15636.531;
   473    4.188       16000.000       15648.531       15647.563       15636.531;
   474    4.197       16000.000       15648.531       15647.469       15636.531;
   475    4.206       16000.000       15648.531       15647.375       15636.531;
   476    4.215       16000.000       15647.531       15647.250       15636.531;
   477    4.223       16000.000       15647.531       15647.156       15636.531;
   478    4.232       16000.000       15646.344       15647.031       15636.531;
   479    4.241       16000.000       15646.031       15647.031       15636.531;
   480    4.250       16000.000       15647.531       15647.031       15636.531;
   481    4.259       16000.000       15647.531       15647.031       15636.531;
   482    4.268       16000.000       15647.531       15647.031       15636.531;
   483    4.277       16000.000       15647.531       15647.031       15636.531;
   484    4.285       16000.000       15647.531       15647.031       15636.531;
   485    4.294       16000.000       15646.531       15647.031       15636.531;
   486    4.303       16000.000       15646.531       15646.969       15636.531;
   487    4.312       16000.000       15646.531       15646.906       15636.531;
   488    4.321       16000.000       15646.531       15646.844       15636.531;
   489    4.330       16000.000       15646.531       15646.781       15636.531;
   490    4.339       16000.000       15646.531       15646.719       15636.531;
   491    4.347       16000.000       15645.875       15646.656       15636.531;
   492    4.356       16000.000       15645.688       15646.594       15636.531;
   493    4.365       16000.000       15645.500       15646.531       15636.531;
   494    4.374       16000.000       15645.313       15646.469       15636.531;
   495    4.383       16000.000       15645.125       15646.406       15636.531;
   496    4.392       16000.000       15646.531       15646.344       15636.531;
   497    4.401       16000.000       15646.531       15646.281       15636.531;
   498    4.409       16000.000       15646.531       15646.219       15636.531;
   499    4.418       16000.000       15645.531       15646.156       15636.531;
   500    4.427       16000.000       15645.531       15645.969       15636.000;
   501    4.436       16000.000       15645.531       15645.906       15635.969;
   502    4.445       16000.000       15645.531       15645.813       15635.906;
   503    4.454       16000.000       15645.531       15645.750       15635.875;
   504    4.463       16000.000       15645.531       15645.688       15635.844;
   505    4.471       16000.000       15644.875       15645.625       15635.813;
   506    4.480       16000.000       15644.688       15645.531       15635.781;
   507    4.489       16000.000       15644.531       15645.469       15635.750;
   508    4.498       16000.000       15644.344       15645.406       15635.719;
   509    4.507       16000.000       15645.531       15645.344       15635.688;
   510    4.516       16000.000       15645.531       15645.250       15635.656;
   511    4.524       16000.000       15645.531       15645.188       15635.625;
   512    4.533       16000.000       15645.531       15645.125       15635.594;
   513    4.542       16000.000       15645.531       15645.063       15635.563;
   514    4.551       16000.000       15644.531       15645.031       15635.531;
   515    4.560       16000.000       15644.531       15645.031       15635.500;
   516    4.569       16000.000       15644.531       15645.031       15635.438;
   517    4.578       16000.000       15644.531       15645.031       15635.406;
   518    4.586       16000.000       15644.531       15645.031       15635.375;
   519    4.595       16000.000       15644.531       15645.031       15635.344;
   520    4.604       16000.000       15644.531       15645.031       15635.313;
   521    4.613       16000.000       15644.531       15645.031       15635.281;
   522    4.622       16000.000       15644.531       15645.031       15635.250;
   523    4.631       16000.000       15644.000       15645.000       15635.219;
   524    4.640       16000.000       15643.906       15644.969       15634.969;
   525    4.648       16000.000       15643.781       15644.938       15634.938;
   526    4.657       16000.000       15643.688       15644.875       15634.875;
   527    4.666       16000.000       15643.594       15644.844       15634.844;
   528    4.675       16000.000       15643.469       15644.781       15634.813;
   529    4.684       16000.000       15644.531       15644.750       15634.750;
   530    4.693       16000.000       15644.531       15644.719       15634.719;
   531    4.702       16000.000       15644.531       15644.656       15634.688;
   532    4.710       16000.000       15644.531       15644.625       15634.625;
   533    4.719       16000.000       15643.531       15644.594       15634.594;
   534    4.728       16000.000       15643.531       15644.531       15634.563;
   535    4.737       16000.000       15643.531       15644.500       15634.500;
   536    4.746       16000.000       15643.531       15644.469       15634.469;
   537    4.755       16000.000       15643.531       15644.406       15634.438;
   538    4.764       16000.000       15643.531       15644.375       15634.375;
   539    4.772       16000.000       15643.531       15644.344       15634.344;
   540    4.781       16000.000       15643.531       15644.281       15634.313;
   541    4.790       16000.000       15643.531       15644.250       15634.250;
   542    4.799       16000.000       15643.531       15644.188       15634.219;
   543    4.808       16000.000       15643.531       15644.156       15634.188;
   544    4.817       16000.000       15643.531       15644.125       15634.125;
   545    4.826       16000.000       15642.969       15644.000       15634.094;
   546    4.834       16000.000       15642.875       15643.969       15634.063;
   547    4.843       16000.000       15642.781       15643.906       15634.031;
   548    4.852       16000.000       15642.719       15643.875       15634.031;
   549    4.861       16000.000       15642.625       15643.844       15634.031;
   550    4.870       16000.000       15642.531       15643.781       15634.031;
   551    4.879       16000.000       15643.531       15643.750       15634.031;
   552    4.888       16000.000       15643.531       15643.688       15634.031;
   553    4.896       16000.000       15643.531       15643.656       15634.031;
   554    4.905       16000.000       15643.531       15643.594       15634.031;
   555    4.914       16000.000       15642.531       15643.563       15634.000;
   556    4.923       16000.000       15642.531       15643.500       15633.969;
   557    4.932       16000.000       15642.531       15643.469       15633.938;
   558    4.941       16000.000       15642.531       15643.406       15633.906;
   559    4.949       16000.000       15642.531       15643.375       15633.875;
   560    4.958       16000.000       15642.531       15643.344       15633.844;
   561    4.967       16000.000       15642.531       15643.281       15633.813;
   562    4.976       16000.000       15642.531       15643.250       15633.781;
   563    4.985       16000.000       15642.531       15643.188       15633.750;
   564    4.994       16000.000       15642.531       15643.156       15633.719;
   565    5.003       16000.000       15642.531       15643.094       15633.688;
   566    5.011       15973.656       15642.000       15643.063       15633.656;
   567    5.020       15938.219       15614.313       15625.188       15619.719;
   568    5.029       15902.813       15571.781       15576.719       15568.625;
   569    5.038       15867.406       15534.500       15540.250       15533.313;
   570    5.047       15831.969       15501.594       15508.125       15501.938;
   571    5.056       15796.563       15467.031       15475.563       15470.375;
   572    5.065       15761.156       15432.250       15441.031       15435.813;
   573    5.073       15725.719       15398.188       15407.969       15403.469;
   574    5.082       15690.313       15364.375       15374.375       15370.406;
   575    5.091       15654.906       15329.938       15341.313       15337.875;
   576    5.100       15619.469       15295.469       15306.531       15302.750;
   577    5.109       15584.063       15260.969       15273.188       15269.688;
   578    5.118       15548.656       15226.500       15238.313       15235.219;
   579    5.127       15513.219       15192.188       15204.250       15201.094;
   580    5.135       15477.813       15157.844       15169.906       15166.938;
   581    5.144       15442.406       15123.469       15135.344       15132.125;
   582    5.153       15406.969       15089.063       15100.813       15097.625;
   583    5.162       15371.563       15054.875       15066.469       15063.469;
   584    5.171       15336.156       15020.563       15032.469       15029.281;
   585    5.180       15300.719       14986.250       14997.625       14994.688;
   586    5.189       15265.313       14951.781       14963.281       14960.406;
   587    5.197       15229.906       14917.344       14929.188       14926.469;
   588    5.206       15194.469       14882.813       14894.594       14891.906;
   589    5.215       15159.063       14848.188       14860.250       14857.438;
   590    5.224       15123.656       14813.469       14825.813       14822.969;
   591    5.233       15088.219       14779.000       14791.875       14789.031;
   592    5.242       15052.813       14744.563       14757.250       14754.594;
   593    5.251       15017.406       14710.000       14722.719       14719.844;
   594    5.259       14981.969       14675.656       14688.531       14685.500;
   595    5.268       14946.563       14641.031       14653.438       14650.531;
   596    5.277       14911.156       14606.625       14619.125       14616.219;
   597    5.286       14875.719       14572.188       14584.813       14581.938;
   598    5.295       14840.313       14537.875       14549.906       14547.531;
   599    5.304       14804.906       14503.375       14515.688       14513.688;
   600    5.313       14769.469       14469.031       14481.781       14480.250;
   601    5.321       14734.063       14434.375       14447.344       14445.906;
   602    5.330       14698.656       14399.906       14412.750       14411.625;
   603    5.339       14663.219       14365.469       14378.781       14377.500;
   604    5.348       14627.813       14331.031       14344.563       14343.188;
   605    5.357       14592.406       14296.625       14309.719       14308.031;
   606    5.366       14556.969       14262.281       14275.375       14273.563;
   607    5.374       14521.563       14227.906       14241.188       14239.469;
   608    5.383       14486.156       14193.438       14206.063       14204.188;
   609    5.392       14450.719       14159.313       14171.719       14169.938;
   610    5.401       14415.313       14125.094       14138.031       14136.813;
   611    5.410       14379.906       14090.844       14103.906       14102.688;
   612    5.419       14344.469       14056.719       14069.750       14068.875;
   613    5.428       14309.063       14022.531       14035.938       14035.156;
   614    5.436       14273.656       13988.406       14002.594       14001.938;
   615    5.445       14238.219       13954.313       13968.344       13967.281;
   616    5.454       14202.813       13920.188       13934.250       13933.156;
   617    5.463       14167.406       13885.969       13900.531       13899.625;
   618    5.472       14131.969       13851.813       13865.875       13864.219;
   619    5.481       14096.563       13817.469       13831.500       13829.875;
   620    5.490       14061.156       13783.469       13797.094       13795.344;
   621    5.498       14025.719       13749.438       13763.813       13761.875;
   622    5.507       13990.313       13715.531       13730.688       13729.031;
   623    5.516       13954.906       13681.563       13697.250       13695.781;
   624    5.525       13919.469       13647.781       13663.906       13662.563;
   625    5.534       13884.063       13613.594       13630.438       13629.531;
   626    5.543       13848.656       13579.531       13596.906       13596.313;
   627    5.552       13813.219       13545.563       13562.906       13562.281;
   628    5.560       13777.813       13511.563       13528.813       13527.875;
   629    5.569       13742.406       13477.594       13494.813       13493.719;
   630    5.578       13706.969       13443.719       13460.906       13459.906;
   631    5.587       13671.563       13409.531       13426.625       13425.688;
   632    5.596       13636.156       13375.438       13392.750       13392.250;
   633    5.605       13600.719       13341.188       13359.250       13359.344;
   634    5.614       13565.313       13307.094       13325.625       13326.031;
   635    5.622       13529.906       13273.000       13292.313       13293.156;
   636    5.631       13494.469       13239.125       13258.531       13259.813;
   637    5.640       13459.063       13205.344       13224.938       13225.969;
   638    5.649       13423.656       13171.563       13191.375       13192.469;
   639    5.658       13388.219       13137.438       13157.063       13158.031;
   640    5.667       13352.813       13103.438       13122.813       13123.781;
   641    5.676       13317.406       13069.344       13088.531       13089.031;
   642    5.684       13281.969       13035.344       13053.969       13054.500;
   643    5.693       13246.563       13001.094       13019.781       13020.438;
   644    5.702       13211.156       12967.000       12985.781       12986.750;
   645    5.711       13175.719       12933.031       12952.594       12954.219;
   646    5.720       13140.313       12899.031       12919.094       12921.188;
   647    5.729       13104.906       12865.000       12885.219       12887.813;
   648    5.738       13069.469       12830.969       12851.063       12853.500;
   649    5.746       13034.063       12796.875       12817.031       12819.625;
   650    5.755       12998.656       12762.750       12782.594       12785.031;
   651    5.764       12963.219       12728.750       12748.031       12750.156;
   652    5.773       12927.813       12694.781       12714.125       12716.344;
   653    5.782       12892.406       12660.875       12679.875       12681.594;
   654    5.791       12856.969       12626.938       12645.625       12647.344;
   655    5.799       12821.563       12592.688       12611.219       12612.750;
   656    5.808       12786.156       12558.313       12577.500       12579.594;
   657    5.817       12750.719       12524.188       12544.125       12546.563;
   658    5.826       12715.313       12489.969       12510.656       12513.688;
   659    5.835       12679.906       12455.875       12476.438       12479.688;
   660    5.844       12644.469       12421.969       12442.469       12445.906;
   661    5.853       12609.063       12388.188       12408.719       12412.063;
   662    5.861       12573.656       12354.063       12374.031       12377.281;
   663    5.870       12538.219       12319.875       12338.875       12341.438;
   664    5.879       12502.813       12285.625       12304.313       12306.688;
   665    5.888       12467.406       12251.344       12269.094       12271.438;
   666    5.897       12431.969       12216.906       12234.125       12235.813;
   667    5.906       12396.563       12182.531       12200.188       12201.813;
   668    5.915       12361.156       12148.406       12166.313       12168.719;
   669    5.923       12325.719       12113.969       12132.625       12135.656;
   670    5.932       12290.313       12079.688       12098.938       12102.406;
   671    5.941       12254.906       12045.375       12064.719       12068.219;
   672    5.950       12219.469       12011.031       12030.031       12033.750;
   673    5.959       12184.063       11976.531       11994.844       11998.313;
   674    5.968       12148.656       11942.219       11959.938       11962.969;
   675    5.977       12113.219       11908.219       11925.063       11927.688;
   676    5.985       12077.813       11874.000       11890.750       11893.000;
   677    5.994       12042.406       11839.938       11856.750       11859.188;
   678    6.003       12006.969       11805.688       11822.625       11825.031;
   679    6.012       11971.563       11771.281       11788.875       11791.781;
   680    6.021       11936.156       11736.656       11754.813       11757.969;
   681    6.030       11900.719       11702.250       11721.031       11724.563;
   682    6.039       11865.313       11668.000       11687.438       11691.406;
   683    6.047       11829.906       11633.625       11653.188       11657.375;
   684    6.056       11794.469       11599.563       11618.438       11622.219;
   685    6.065       11759.063       11565.469       11583.969       11587.531;
   686    6.074       11723.656       11531.250       11549.031       11552.406;
   687    6.083       11688.219       11496.844       11513.969       11516.875;
   688    6.092       11652.813       11462.625       11479.938       11482.781;
   689    6.101       11617.406       11428.719       11446.094       11449.031;
   690    6.109       11581.969       11394.844       11412.719       11416.094;
   691    6.118       11546.563       11360.813       11379.313       11383.344;
   692    6.127       11511.156       11326.969       11346.156       11350.500;
   693    6.136       11475.719       11293.250       11312.938       11317.563;
   694    6.145       11440.313       11259.250       11278.938       11283.813;
   695    6.154       11404.906       11225.000       11244.844       11250.250;
   696    6.163       11369.469       11190.938       11209.781       11214.656;
   697    6.171       11334.063       11156.969       11175.500       11180.281;
   698    6.180       11298.656       11123.000       11140.250       11144.438;
   699    6.189       11263.219       11089.094       11105.969       11109.563;
   700    6.198       11227.813       11055.531       11071.656       11074.844;
   701    6.207       11192.406       11021.625       11037.500       11040.531;
   702    6.216       11156.969       10987.719       11005.094       11009.031;
   703    6.224       11121.563       10953.719       10971.813       10976.219;
   704    6.233       11086.156       10919.844       10938.531       10943.469;
   705    6.242       11050.719       10885.813       10904.844       10909.875;
   706    6.251       11015.313       10852.000       10871.500       10877.031;
   707    6.260       10979.906       10818.219       10837.563       10843.531;
   708    6.269       10944.469       10784.469       10803.438       10809.125;
   709    6.278       10909.063       10750.469       10769.125       10774.719;
   710    6.286       10873.656       10716.406       10734.438       10739.750;
   711    6.295       10838.219       10682.313       10699.344       10703.844;
   712    6.304       10802.813       10648.281       10665.844       10670.344;
   713    6.313       10767.406       10614.250       10632.469       10637.063;
   714    6.322       10731.969       10580.594       10599.313       10604.531;
   715    6.331       10696.563       10546.750       10566.406       10572.188;
   716    6.340       10661.156       10512.781       10532.781       10538.875;
   717    6.348       10625.719       10478.844       10499.406       10505.813;
   718    6.357       10590.313       10444.813       10465.375       10471.656;
   719    6.366       10554.906       10410.625       10431.094       10437.375;
   720    6.375       10519.469       10376.469       10395.969       10402.156;
   721    6.384       10484.063       10342.406       10361.063       10366.625;
   722    6.393       10448.656       10308.406       10325.969       10331.375;
   723    6.402       10413.219       10274.469       10290.969       10295.813;
   724    6.410       10377.813       10240.594       10257.438       10262.375;
   725    6.419       10342.406       10206.375       10223.625       10228.656;
   726    6.428       10306.969       10172.281       10190.094       10195.844;
   727    6.437       10271.563       10138.188       10156.750       10163.094;
   728    6.446       10236.156       10104.125       10123.031       10129.781;
   729    6.455       10200.719       10070.094       10088.875       10095.875;
   730    6.464       10165.313       10036.250       10054.250       10061.125;
   731    6.472       10129.906       10002.250       10019.625       10026.438;
   732    6.481       10094.469        9968.281        9984.969        9991.469;
   733    6.490       10059.063        9934.156        9949.313        9955.188;
   734    6.499       10023.656        9899.969        9914.625        9920.063;
   735    6.508        9988.219        9865.625        9880.219        9885.188;
   736    6.517        9952.813        9831.625        9845.938        9851.250;
   737    6.526        9917.406        9797.656        9812.094        9817.688;
   738    6.534        9881.969        9763.563        9778.406        9784.625;
   739    6.543        9846.563        9729.313        9744.906        9751.188;
   740    6.552        9811.156        9695.469        9711.625        9718.094;
   741    6.561        9775.719        9661.469        9677.344        9684.094;
   742    6.570        9740.313        9627.219        9643.031        9649.969;
   743    6.579        9704.906        9592.688        9607.688        9614.406;
   744    6.588        9669.469        9558.344        9572.906        9579.656;
   745    6.596        9634.063        9524.156        9537.344        9542.969;
   746    6.605        9598.656        9489.750        9502.594        9507.906;
   747    6.614        9563.219        9455.531        9468.156        9473.344;
   748    6.623        9527.813        9421.313        9434.250        9439.750;
   749    6.632        9492.406        9387.188        9400.563        9406.125;
   750    6.641        9456.969        9352.625        9366.531        9372.719;
   751    6.649        9421.563        9318.125        9332.438        9339.000;
   752    6.658        9386.156        9283.813        9298.063        9304.688;
   753    6.667        9350.719        9249.500        9263.906        9270.500;
   754    6.676        9315.313        9215.531        9229.594        9236.469;
   755    6.685        9279.906        9181.469        9194.844        9201.250;
   756    6.694        9244.469        9147.250        9159.469        9165.125;
   757    6.703        9209.063        9112.750        9124.250        9129.438;
   758    6.711        9173.656        9078.188        9089.375        9093.813;
   759    6.720        9138.219        9043.750        9055.344        9059.844;
   760    6.729        9102.813        9009.125        9021.750        9026.969;
   761    6.738        9067.406        8974.938        8988.188        8993.688;
   762    6.747        9031.969        8940.906        8954.781        8960.469;
   763    6.756        8996.563        8906.844        8921.219        8926.969;
   764    6.765        8961.156        8872.625        8887.469        8893.406;
   765    6.773        8925.719        8838.406        8853.281        8859.438;
   766    6.782        8890.313        8804.250        8818.719        8824.875;
   767    6.791        8854.906        8770.250        8784.500        8790.531;
   768    6.800        8819.469        8736.250        8749.281        8754.906;
   769    6.809        8784.063        8702.250        8714.500        8719.406;
   770    6.818        8748.656        8668.344        8680.844        8685.219;
   771    6.827        8713.219        8634.375        8647.250        8652.188;
   772    6.835        8677.813        8600.188        8613.438        8618.781;
   773    6.844        8642.406        8566.063        8580.094        8585.844;
   774    6.853        8606.969        8532.188        8546.438        8552.469;
   775    6.862        8571.563        8498.000        8512.469        8518.406;
   776    6.871        8536.156        8463.969        8478.125        8484.188;
   777    6.880        8500.719        8430.000        8444.219        8450.375;
   778    6.889        8465.313        8396.375        8409.719        8415.438;
   779    6.897        8429.906        8362.500        8375.438        8380.656;
   780    6.906        8394.469        8328.594        8340.469        8345.031;
   781    6.915        8359.063        8294.594        8305.906        8310.000;
   782    6.924        8323.656        8260.625        8271.656        8275.781;
   783    6.933        8288.219        8226.531        8237.938        8242.469;
   784    6.942        8252.813        8192.406        8203.719        8208.063;
   785    6.951        8217.406        8158.469        8170.313        8175.250;
   786    6.959        8181.969        8124.813        8136.688        8141.500;
   787    6.968        8146.563        8090.875        8102.531        8107.625;
   788    6.977        8111.156        8056.688        8067.344        8072.031;
   789    6.986        8075.719        8022.688        8033.219        8037.875;
   790    6.995        8040.313        7988.563        7998.156        8002.750;
   791    7.004        8004.906        7954.438        7962.969        7966.906;
   792    7.013        7969.469        7920.500        7928.094        7931.125;
   793    7.021        7934.063        7886.656        7893.156        7895.719;
   794    7.030        7898.656        7852.875        7859.969        7862.969;
   795    7.039        7863.219        7818.781        7826.688        7830.031;
   796    7.048        7827.813        7784.531        7793.063        7796.500;
   797    7.057        7792.406        7750.594        7759.688        7763.375;
   798    7.066        7756.969        7716.625        7726.219        7730.344;
   799    7.074        7721.563        7682.375        7692.344        7696.500;
   800    7.083        7686.156        7648.438        7658.438        7662.656;
   801    7.092        7650.719        7614.531        7624.344        7628.344;
   802    7.101        7615.313        7580.750        7589.844        7593.594;
   803    7.110        7579.906        7546.656        7554.969        7557.938;
   804    7.119        7544.469        7512.469        7520.250        7522.688;
   805    7.128        7509.063        7478.313        7485.125        7486.750;
   806    7.136        7473.656        7444.219        7451.438        7452.750;
   807    7.145        7438.219        7410.094        7418.125        7419.625;
   808    7.154        7402.813        7376.375        7384.875        7386.344;
   809    7.163        7367.406        7342.531        7351.938        7353.719;
   810    7.172        7331.969        7308.688        7317.719        7319.281;
   811    7.181        7296.563        7274.500        7284.000        7285.844;
   812    7.190        7261.156        7240.344        7249.531        7251.500;
   813    7.198        7225.719        7206.094        7214.656        7216.469;
   814    7.207        7190.313        7171.969        7179.875        7181.281;
   815    7.216        7154.906        7137.625        7144.813        7145.250;
   816    7.225        7119.469        7103.750        7109.469        7109.563;
   817    7.234        7084.063        7069.625        7075.750        7075.750;
   818    7.243        7048.656        7035.750        7042.688        7042.844;
   819    7.252        7013.219        7001.469        7009.125        7009.250;
   820    7.260        6977.813        6967.344        6974.813        6974.844;
   821    7.269        6942.406        6932.938        6940.875        6941.156;
   822    7.278        6906.969        6898.531        6906.719        6907.094;
   823    7.287        6871.563        6864.188        6872.594        6872.875;
   824    7.296        6836.156        6829.938        6837.625        6838.031;
   825    7.305        6800.719        6795.875        6802.656        6802.750;
   826    7.314        6765.313        6761.281        6767.719        6767.156;
   827    7.322        6729.906        6726.875        6732.188        6731.125;
   828    7.331        6694.469        6692.313        6697.594        6696.344;
   829    7.340        6659.063        6657.688        6663.781        6663.063;
   830    7.349        6623.656        6623.281        6629.656        6629.250;
   831    7.358        6588.219        6588.906        6595.563        6595.063;
   832    7.367        6552.813        6554.813        6562.594        6562.656;
   833    7.376        6517.406        6520.813        6529.063        6529.406;
   834    7.384        6481.969        6486.531        6494.781        6495.375;
   835    7.393        6446.563        6452.125        6459.938        6460.469;
   836    7.402        6411.156        6417.313        6425.094        6425.500;
   837    7.411        6375.719        6382.906        6390.375        6390.906;
   838    7.420        6340.313        6348.531        6355.563        6356.125;
   839    7.429        6304.906        6314.094        6321.188        6321.656;
   840    7.438        6269.469        6279.750        6287.094        6287.625;
   841    7.446        6234.063        6245.344        6253.500        6254.563;
   842    7.455        6198.656        6211.250        6220.156        6221.688;
   843    7.464        6163.219        6176.875        6185.844        6187.500;
   844    7.473        6127.813        6142.406        6151.781        6153.344;
   845    7.482        6092.406        6108.281        6117.375        6119.250;
   846    7.491        6056.969        6074.125        6083.250        6085.344;
   847    7.499        6021.563        6040.219        6049.219        6051.531;
   848    7.508        5986.156        6006.063        6014.938        6017.063;
   849    7.517        5950.719        5972.188        5980.469        5982.281;
   850    7.526        5915.313        5937.844        5945.281        5946.188;
   851    7.535        5879.906        5903.625        5910.094        5910.500;
   852    7.544        5844.469        5869.188        5875.531        5875.906;
   853    7.553        5809.063        5835.000        5841.906        5842.563;
   854    7.561        5773.656        5800.813        5808.406        5809.281;
   855    7.570        5738.219        5766.781        5774.813        5776.188;
   856    7.579        5702.813        5732.969        5741.125        5742.844;
   857    7.588        5667.406        5699.188        5707.344        5709.406;
   858    7.597        5631.969        5665.031        5673.031        5674.938;
   859    7.606        5596.563        5631.000        5638.594        5640.531;
   860    7.615        5561.156        5596.906        5604.094        5605.906;
   861    7.623        5525.719        5562.563        5569.438        5570.938;
   862    7.632        5490.313        5528.438        5533.938        5534.375;
   863    7.641        5454.906        5494.406        5499.656        5499.844;
   864    7.650        5419.469        5460.563        5465.906        5466.219;
   865    7.659        5384.063        5426.344        5432.438        5433.313;
   866    7.668        5348.656        5392.219        5398.344        5399.500;
   867    7.677        5313.219        5357.844        5364.438        5365.906;
   868    7.685        5277.813        5323.625        5330.219        5332.094;
   869    7.694        5242.406        5289.125        5296.250        5298.250;
   870    7.703        5206.969        5255.250        5262.000        5264.031;
   871    7.712        5171.563        5221.219        5227.938        5230.000;
   872    7.721        5136.156        5187.344        5193.250        5194.844;
   873    7.730        5100.719        5153.000        5158.813        5160.125;
   874    7.739        5065.313        5118.406        5122.844        5123.094;
   875    7.747        5029.906        5084.125        5088.375        5088.063;
   876    7.756        4994.469        5049.656        5054.563        5054.750;
   877    7.765        4959.063        5015.500        5020.594        5020.938;
   878    7.774        4923.656        4981.125        4986.750        4987.406;
   879    7.783        4888.219        4947.125        4952.969        4953.469;
   880    7.792        4852.813        4913.000        4918.813        4919.438;
   881    7.801        4817.406        4878.656        4884.625        4885.406;
   882    7.809        4781.969        4844.344        4850.313        4851.375;
   883    7.818        4746.563        4809.906        4815.813        4816.375;
   884    7.827        4711.156        4775.688        4780.688        4780.875;
   885    7.836        4675.719        4741.219        4745.781        4745.281;
   886    7.845        4640.313        4707.000        4710.656        4709.250;
   887    7.854        4604.906        4672.906        4676.969        4676.063;
   888    7.863        4569.469        4638.656        4642.875        4642.406;
   889    7.871        4534.063        4604.344        4609.281        4609.219;
   890    7.880        4498.656        4569.813        4575.000        4575.250;
   891    7.889        4463.219        4535.594        4541.031        4541.844;
   892    7.898        4427.813        4501.094        4506.844        4508.000;
   893    7.907        4392.406        4466.844        4473.094        4474.594;
   894    7.916        4356.969        4432.719        4438.875        4440.438;
   895    7.924        4321.563        4398.563        4405.094        4406.938;
   896    7.933        4286.156        4364.469        4370.688        4372.250;
   897    7.942        4250.719        4330.125        4336.469        4337.219;
   898    7.951        4215.313        4295.719        4301.000        4301.281;
   899    7.960        4179.906        4261.031        4266.156        4266.594;
   900    7.969        4144.469        4226.469        4232.469        4232.938;
   901    7.978        4109.063        4192.031        4197.750        4198.469;
   902    7.986        4073.656        4157.594        4163.500        4164.844;
   903    7.995        4038.219        4123.344        4129.781        4131.406;
   904    8.004        4002.813        4088.906        4095.188        4096.688;
   905    8.013        3967.406        4054.344        4061.156        4063.156;
   906    8.022        3931.969        4019.750        4025.813        4027.250;
   907    8.031        3896.563        3985.031        3991.281        3992.656;
   908    8.040        3861.156        3950.844        3956.594        3957.594;
   909    8.048        3825.719        3916.594        3921.125        3921.031;
   910    8.057        3790.313        3882.313        3886.875        3886.906;
   911    8.066        3754.906        3848.031        3852.500        3852.938;
   912    8.075        3719.469        3813.594        3818.531        3819.688;
   913    8.084        3684.063        3779.031        3784.125        3785.063;
   914    8.093        3648.656        3744.438        3749.469        3750.781;
   915    8.102        3613.219        3709.781        3715.719        3717.563;
   916    8.110        3577.813        3675.375        3681.000        3682.531;
   917    8.119        3542.406        3641.000        3647.156        3648.875;
   918    8.128        3506.969        3606.688        3612.781        3614.500;
   919    8.137        3471.563        3572.531        3577.938        3579.344;
   920    8.146        3436.156        3538.188        3542.844        3543.406;
   921    8.155        3400.719        3503.719        3507.625        3507.625;
   922    8.164        3365.313        3469.125        3472.938        3472.375;
   923    8.172        3329.906        3434.875        3439.344        3439.344;
   924    8.181        3294.469        3400.719        3405.563        3406.031;
   925    8.190        3259.063        3366.531        3371.656        3372.531;
   926    8.199        3223.656        3332.469        3337.719        3339.094;
   927    8.208        3188.219        3298.313        3303.656        3304.906;
   928    8.217        3152.813        3264.063        3269.281        3270.813;
   929    8.226        3117.406        3229.563        3235.313        3237.000;
   930    8.234        3081.969        3195.188        3201.219        3202.688;
   931    8.243        3046.563        3160.844        3166.656        3167.656;
   932    8.252        3011.156        3126.813        3132.719        3133.313;
   933    8.261        2975.719        3093.000        3098.313        3098.563;
   934    8.270        2940.313        3059.188        3065.281        3065.688;
   935    8.279        2904.906        3025.094        3031.688        3032.438;
   936    8.288        2869.469        2991.188        2997.813        2999.250;
   937    8.296        2834.063        2956.938        2963.813        2965.625;
   938    8.305        2798.656        2922.656        2929.500        2931.438;
   939    8.314        2763.219        2888.469        2895.563        2897.656;
   940    8.323        2727.813        2854.375        2861.875        2864.281;
   941    8.332        2692.406        2820.406        2828.000        2830.281;
   942    8.341        2656.969        2786.313        2794.000        2796.000;
   943    8.349        2621.563        2752.281        2759.125        2760.188;
   944    8.358        2586.156        2718.031        2723.875        2724.344;
   945    8.367        2550.719        2683.813        2689.344        2689.594;
   946    8.376        2515.313        2649.281        2654.438        2654.375;
   947    8.385        2479.906        2615.219        2620.563        2620.875;
   948    8.394        2444.469        2581.031        2586.344        2587.094;
   949    8.403        2409.063        2547.156        2553.250        2554.406;
   950    8.411        2373.656        2513.031        2519.094        2520.250;
   951    8.420        2338.219        2478.969        2485.438        2487.219;
   952    8.429        2302.813        2444.719        2451.094        2452.844;
   953    8.438        2267.406        2410.375        2417.375        2419.156;
   954    8.447        2231.969        2376.031        2382.406        2383.625;
   955    8.456        2196.563        2341.625        2348.313        2349.094;
   956    8.465        2161.156        2307.625        2313.938        2314.344;
   957    8.473        2125.719        2273.281        2279.188        2278.719;
   958    8.482        2090.313        2239.313        2245.563        2245.500;
   959    8.491        2054.906        2205.000        2211.781        2212.219;
   960    8.500        2019.469        2170.594        2177.719        2178.531;
   961    8.509        1984.063        2136.219        2143.844        2145.031;
   962    8.518        1948.656        2101.844        2109.781        2111.500;
   963    8.527        1913.219        2067.719        2075.938        2077.656;
   964    8.535        1877.813        2033.375        2042.063        2044.219;
   965    8.544        1842.406        1999.375        2007.625        2009.563;
   966    8.553        1806.969        1965.125        1973.281        1975.563;
   967    8.562        1771.563        1930.813        1937.594        1938.844;
   968    8.571        1736.156        1896.250        1902.563        1903.438;
   969    8.580        1700.719        1861.656        1867.563        1868.281;
   970    8.589        1665.313        1827.344        1833.594        1834.875;
   971    8.597        1629.906        1792.938        1800.125        1801.938;
   972    8.606        1594.469        1758.750        1766.063        1768.406;
   973    8.615        1559.063        1724.688        1732.500        1735.250;
   974    8.624        1523.656        1690.500        1698.719        1701.594;
   975    8.633        1488.219        1656.031        1664.313        1667.281;
   976    8.642        1452.813        1621.219        1629.094        1632.406;
   977    8.651        1417.406        1586.531        1593.969        1597.031;
   978    8.659        1381.969        1552.000        1559.094        1562.094;
   979    8.668        1346.563        1517.500        1523.750        1526.344;
   980    8.677        1311.156        1483.156        1488.656        1490.813;
   981    8.686        1275.719        1448.656        1453.719        1455.750;
   982    8.695        1240.313        1414.063        1419.250        1421.469;
   983    8.704        1204.906        1379.375        1385.156        1387.906;
   984    8.713        1169.469        1344.563        1350.781        1354.063;
   985    8.721        1134.063        1309.813        1316.125        1319.781;
   986    8.730        1098.656        1275.281        1282.344        1286.500;
   987    8.739        1063.219        1240.719        1247.938        1252.219;
   988    8.748        1027.813        1206.344        1213.750        1218.594;
   989    8.757         992.406        1172.031        1179.406        1184.063;
   990    8.766         956.969        1137.406        1144.438        1148.594;
   991    8.774         921.563        1102.750        1109.531        1113.781;
   992    8.783         886.156        1067.969        1074.031        1077.875;
   993    8.792         850.719        1033.031        1039.344        1043.188;
   994    8.801         815.313         998.531        1005.188        1009.281;
   995    8.810         779.906         964.125         971.781         976.438;
   996    8.819         744.469         929.500         937.906         942.875;
   997    8.828         709.063         895.188         903.938         909.125;
   998    8.836         673.656         860.688         869.531         875.156;
   999    8.845         638.219         825.906         834.781         840.094;
  1000    8.854         602.813         791.281         800.344         805.344;
  1001    8.863         567.406         756.875         765.031         769.719;
  1002    8.872         531.969         722.813         730.531         734.781;
  1003    8.881         496.563         688.656         696.125         699.906;
  1004    8.890         461.156         654.375         661.531         665.313;
  1005    8.898         425.719         620.156         627.156         630.781;
  1006    8.907         390.313         585.625         593.031         597.031;
  1007    8.916         354.906         551.281         558.750         563.375;
  1008    8.925         319.469         516.688         524.656         529.313;
  1009    8.934         284.063         482.313         490.500         495.625;
  1010    8.943         248.656         448.094         456.563         461.625;
  1011    8.952         213.219         413.938         422.406         428.000;
  1012    8.960         177.813         379.906         388.219         393.500;
  1013    8.969         142.406         345.625         353.875         358.781;
  1014    8.978         106.969         311.469         319.281         323.688;
  1015    8.987          71.563         277.031         284.719         288.781;
  1016    8.996          36.156         242.719         250.031         253.750;
  1017    9.005           0.969         208.406         216.313         220.406;
  1018    9.014           0.000         179.719         184.313         187.969;
  1019    9.022           0.000         175.531         176.531         177.031;
  1020    9.031           0.000         185.000         190.844         193.125;
  1021    9.040           0.000         188.000         192.000         194.000;
  1022    9.049           0.000         186.531         192.000         194.000;
  1023    9.058           0.000         185.031         189.031         191.031;
  1024    9.067           0.000         185.031         189.031         191.031;
  1025    9.076           0.000         188.000         191.500         192.531;
  1026    9.084           0.000         189.000         192.000         194.000;
  1027    9.093           0.000         189.000         192.000         194.000;
  1028    9.102           0.000         189.000         192.000         194.000;
  1029    9.111           0.000         189.000         192.000         194.000;
  1030    9.120           0.000         189.000         192.000         194.000;
  1031    9.129           0.000         189.188         192.156         194.000;
  1032    9.138           0.000         190.938         193.500         194.125;
  1033    9.146           0.000         191.000         194.000         194.281;
  1034    9.155           0.000         191.031         194.000         194.438;
  1035    9.164           0.000         191.375         194.000         194.594;
  1036    9.173           0.000         191.719         194.250         195.094;
  1037    9.182           0.000         192.125         194.531         195.313;
  1038    9.191           0.000         192.500         194.781         195.531;
  1039    9.199           0.000         192.875         195.344         195.781;
  1040    9.208           0.000         193.438         195.688         196.281;
  1041    9.217           0.000         193.875         196.000         196.563;
  1042    9.226           0.000         194.000         196.156         196.844;
  1043    9.235           0.000         194.156         196.438         197.000;
  1044    9.244           0.000         194.438         196.750         197.156;
  1045    9.253           0.000         194.719         197.031         197.375;
  1046    9.261           0.000         195.188         197.313         197.594;
  1047    9.270           0.000         195.531         197.594         197.844;
  1048    9.279           0.000         195.875         197.906         198.219;
  1049    9.288           0.000         196.000         198.000         198.500;
  1050    9.297           0.000         196.000         198.000         198.750;
  1051    9.306           0.000         196.094         198.125         199.000;
  1052    9.315           0.000         196.281         198.313         199.000;
  1053    9.323           0.000         197.063         198.469         199.063;
  1054    9.332           0.000         197.500         199.375         199.250;
  1055    9.341           0.000         197.969         199.750         199.438;
  1056    9.350           0.000         198.000         200.000         199.625;
  1057    9.359           0.000         198.000         200.000         199.813;
  1058    9.368           0.000         198.000         200.000         200.000;
  1059    9.377           0.000         198.000         200.000         200.000;
  1060    9.385           0.000         198.000         200.000         200.000;
  1061    9.394           0.000         198.125         200.063         200.063;
  1062    9.403           0.000         199.188         200.188         200.188;
  1063    9.412           0.000         199.813         201.125         201.469;
  1064    9.421           0.000         200.000         201.625         202.000;
  1065    9.430           0.000         200.000         202.000         202.000;
  1066    9.439           0.000         200.000         202.000         202.000;
  1067    9.447           0.000         200.000         202.000         202.000;
  1068    9.456           0.000         200.000         202.000         202.000;
  1069    9.465           0.000         200.000         202.000         202.000;
  1070    9.474           0.000         200.000         202.000         202.000;
  1071    9.483           0.000         200.094         202.000         202.000;
  1072    9.492           0.000         201.219         202.094         202.094;
  1073    9.501           0.000         201.969         202.219         202.219;
  1074    9.509           0.000         202.000         202.344         202.313;
  1075    9.518           0.000         202.000         202.469         202.438;
  1076    9.527           0.000         202.000         202.563         202.531;
  1077    9.536           0.000         202.000         202.688         202.656;
  1078    9.545           0.000         202.000         202.813         202.781;
  1079    9.554           0.000         202.000         202.938         202.875;
  1080    9.563           0.000         202.000         203.000         203.000;
  1081    9.571           0.000         202.000         203.000         203.000;
  1082    9.580           0.000         202.000         203.000         203.000;
  1083    9.589           0.000         202.094         203.094         203.094;
  1084    9.598           0.000         203.313         204.375         204.094;
  1085    9.607           0.000         204.000         205.000         204.719;
  1086    9.616           0.000         204.000         205.000         205.000;
  1087    9.624           0.000         204.000         205.000         205.000;
  1088    9.633           0.000         204.000         205.000         205.000;
  1089    9.642           0.000         204.000         205.000         205.000;
  1090    9.651           0.000         204.000         205.000         205.000;
  1091    9.660           0.000         204.000         205.000         205.000;
  1092    9.669           0.000         204.000         205.000         205.000;
  1093    9.678           0.000         204.000         205.000         205.000;
  1094    9.686           0.000         204.000         205.000         205.000;
  1095    9.695           0.000         204.000         205.000         205.000;
  1096    9.704           0.000         204.031         205.031         205.000;
  1097    9.713           0.000         205.031         206.031         205.063;
  1098    9.722           0.000         205.875         206.813         206.313;
  1099    9.731           0.000         206.000         207.000         207.000;
  1100    9.740           0.000         206.000         207.000         207.000;
  1101    9.748           0.000         206.000         207.000         207.000;
  1102    9.757           0.000         206.000         207.000         207.000;
  1103    9.766           0.000         204.531         207.000         207.000;
  1104    9.775           0.000         204.531         207.000         207.000;
  1105    9.784           0.000         206.531         207.063         207.000;
  1106    9.793           0.000         207.000         207.188         207.125;
  1107    9.802           0.000         207.000         207.313         207.250;
  1108    9.810           0.000         207.000         207.438         207.375;
  1109    9.819           0.000         207.000         207.594         207.500;
  1110    9.828           0.000         207.000         207.719         207.625;
  1111    9.837           0.000         207.000         207.844         207.781;
  1112    9.846           0.000         207.000         207.969         207.906;
  1113    9.855           0.000         207.000         208.000         208.000;
  1114    9.864           0.000         207.000         208.000         208.000;
  1115    9.872           0.000         207.000         208.000         208.000;
  1116    9.881           0.000         207.000         208.000         208.000;
  1117    9.890           0.000         207.094         208.063         208.000;
  1118    9.899           0.000         207.188         208.156         208.000;
  1119    9.908           0.000         207.281         208.250         208.063;
  1120    9.917           0.000         208.313         208.313         208.156;
  1121    9.926           0.000         208.625         208.406         208.219;
  1122    9.934           0.000         208.969         208.500         208.313;
  1123    9.943           0.000         209.000         208.594         208.375;
  1124    9.952           0.000         207.531         208.656         208.469;
  1125    9.961           0.000         207.531         208.750         208.531;
  1126    9.970           0.000         208.531         208.844         208.625;
  1127    9.979           0.000         209.438         209.094         209.031;
  1128    9.988           0.000         210.000         210.938         209.156;
  1129    9.996           0.000         210.000         211.000         209.281]
